Omega_Rabi (MHz)

x/a			Without CE		With CE
-3.25000000000000	0.958485208493638	29.9336192553539
-3.24178885630499	1.03360905453161	28.8905490833215
-3.23357771260997	1.10929517369524	27.7436257664479
-3.22536656891496	1.19571866764413	26.8545598465586
-3.21715542521994	1.28225518402053	25.7458095219528
-3.20894428152493	1.36917576207506	24.6601800678286
-3.20073313782991	1.45800061683529	23.6762201911947
-3.19252199413490	1.54270813066242	22.5631977690622
-3.18431085043988	1.62969902292460	21.4881646339856
-3.17609970674487	1.71347801358353	20.4351280620425
-3.16788856304985	1.79495989471615	19.4028473941502
-3.15967741935484	1.87509535536583	18.2392776322100
-3.15146627565982	1.95216376401333	17.1389663416331
-3.14325513196481	2.02925498279139	16.0026815176285
-3.13504398826979	2.09757121376195	14.8777284945457
-3.12683284457478	2.17049816237643	13.7485797697109
-3.11862170087977	2.24052634381977	12.7999021197968
-3.11041055718475	2.30874682233330	11.6999519612579
-3.10219941348974	2.37256969077021	10.6086417462046
-3.09398826979472	2.43659968356400	9.65160722308333
-3.08577712609971	2.49754996836478	8.65609919501535
-3.07756598240469	2.55658096203935	7.79411647803827
-3.06935483870968	2.61574478109401	6.91367600497394
-3.06114369501466	2.66806957334910	6.03298413605427
-3.05293255131965	2.71850239664951	5.21179316195821
-3.04472140762463	2.76680123106306	4.36272403986270
-3.03651026392962	2.81699541196085	3.60106824350225
-3.02829912023460	2.86280281672241	2.80239843731791
-3.02008797653959	2.90641413857004	2.04891104500091
-3.01187683284457	2.94742192558674	1.33296027686704
-3.00366568914956	2.98696607926320	0.602624062804754
-2.99545454545455	3.02376112635739	0.128946451722740
-2.98724340175953	3.05853295734773	0.828965014337142
-2.97903225806452	3.09511570393606	1.53676528197862
-2.97082111436950	3.13141957658777	2.19854814830136
-2.96260997067449	3.16679654045240	2.87286650097025
-2.95439882697947	3.20289946715516	3.47855224594300
-2.94618768328446	3.23610408836124	4.15994005481871
-2.93797653958944	3.27029508610552	4.76946525337692
-2.92976539589443	3.31110176183872	5.38881135337607
-2.92155425219941	3.35448798216048	6.03756294320986
-2.91334310850440	3.39967500932934	6.63363357410676
-2.90513196480938	3.44854731879942	7.31140795539347
-2.89692082111437	3.51862757718148	7.87633142976594
-2.88870967741936	3.57952290957879	8.46519737321642
-2.88049853372434	3.65922783286284	9.13395281024562
-2.87228739002933	3.74699626429617	9.64960872503774
-2.86407624633431	3.85910403993474	10.2683719726407
-2.85586510263930	3.97348680201875	10.7080074349841
-2.84765395894428	4.11281121142905	11.2911186043318
-2.83944281524927	4.26267346995969	11.6647337357011
-2.83123167155425	4.43381263227827	12.1282859388951
-2.82302052785924	4.62286042016080	12.3545814058540
-2.81480938416422	4.80128712259357	12.6778912430745
-2.80659824046921	5.00348557361363	12.7863558385025
-2.79838709677419	5.21630421044393	12.8420681140188
-2.79017595307918	5.43704225805584	12.9785195059771
-2.78196480938416	5.65703124887398	12.8771932662104
-2.77375366568915	5.88157875035102	12.7617326622783
-2.76554252199414	6.11727740961232	12.4825015205621
-2.75733137829912	6.36566133084436	12.2750745366938
-2.74912023460411	6.60157137630623	11.9258142361582
-2.74090909090909	6.84044101904215	11.5380033651626
-2.73269794721408	7.08120138800002	11.2104746686652
-2.72448680351906	7.32865332813550	10.6328114249095
-2.71627565982405	7.57509155447146	10.1417161620580
-2.70806451612903	7.83319862226150	9.72975722080239
-2.69985337243402	8.07732320336447	9.12231481890012
-2.69164222873900	8.31381534404058	8.65606719702536
-2.68343108504399	8.56485159992214	8.22536096940800
-2.67521994134897	8.79921368857952	7.66560199307117
-2.66700879765396	9.01966362576869	7.23871020492247
-2.65879765395894	9.24937512300824	6.93824312463706
-2.65058651026393	9.45975037581479	6.56181444276214
-2.64237536656892	9.64297102065899	6.45409038540713
-2.63416422287390	9.82762283777839	6.38400777489640
-2.62595307917889	9.98841992179285	6.34511270034945
-2.61774193548387	10.1410231997972	6.29736444701778
-2.60953079178886	10.2676202998138	6.39197198836176
-2.60131964809384	10.3841582687490	6.62824791693092
-2.59310850439883	10.4805514092903	6.84305139890248
-2.58489736070381	10.5722609863726	7.11912510556718
-2.57668621700880	10.6453059644283	7.38451083827069
-2.56847507331378	10.7125389992906	7.68017163739661
-2.56026392961877	10.7611631550781	8.03037475625588
-2.55205278592375	10.8073693856625	8.35928394255456
-2.54384164222874	10.8505027024002	8.74366863583264
-2.53563049853372	10.8718029252013	9.10762529924933
-2.52741935483871	10.8916834105049	9.48753603012342
-2.51920821114370	10.8955524931517	9.85135722775535
-2.51099706744868	10.9025434535113	10.2397605348032
-2.50278592375367	10.9014137469755	10.6087644420048
-2.49457478005865	10.8845700699003	11.0079803614438
-2.48636363636364	10.8755339254705	11.4240048209948
-2.47815249266862	10.8595928719864	11.8260922454802
-2.46994134897361	10.8300369035450	12.1987617089221
-2.46173020527859	10.7979314879331	12.5986893388243
-2.45351906158358	10.7644526428743	12.9459932785324
-2.44530791788856	10.7292991959886	13.3618242708972
-2.43709677419355	10.7008760046531	13.7196247862010
-2.42888563049853	10.6558889264962	14.0875693010644
-2.42067448680352	10.6167955937753	14.4635522002721
-2.41246334310850	10.5831841372013	14.8230353704256
-2.40425219941349	10.5481660365981	15.2165690529064
-2.39604105571848	10.5205722478639	15.5182096679610
-2.38782991202346	10.5204345300865	15.8494008057240
-2.37961876832845	10.5161903563571	16.2383452662896
-2.37140762463343	10.5518894012581	16.4562870488757
-2.36319648093842	10.5930703115100	16.7526252985838
-2.35498533724340	10.6782946079374	16.9418380501971
-2.34677419354839	10.7935461144792	17.1537745072533
-2.33856304985337	10.9533207198540	17.2430028428972
-2.33035190615836	11.1261215766618	17.3333261309693
-2.32214076246334	11.3313961174945	17.1931101359166
-2.31392961876833	11.5602165377023	17.1625225256963
-2.30571847507331	11.8245374000103	16.9092599831058
-2.29750733137830	12.1000410579996	16.6511701025495
-2.28929618768328	12.4052433092879	16.3926758189024
-2.28108504398827	12.7228410986840	15.9223830439635
-2.27287390029325	13.0490152670853	15.4710769927052
-2.26466275659824	13.3981417460669	14.8791936229177
-2.25645161290323	13.7512410243804	14.3095484023374
-2.24824046920821	14.1183079304924	13.6706288939169
-2.24002932551320	14.4941697510999	12.9967094466018
-2.23181818181818	14.8825340773704	12.3771253810657
-2.22360703812317	15.2716719551048	11.5350563301482
-2.21539589442815	15.6594330487829	10.7964893097295
-2.20718475073314	16.0594820482373	10.1236743791878
-2.19897360703812	16.4688257903830	9.31746373822303
-2.19076246334311	16.8730144239066	8.65350298106494
-2.18255131964809	17.2635037400136	8.03086362906117
-2.17434017595308	17.6563830706363	7.32811345408299
-2.16612903225806	18.0090462095443	6.72145285818483
-2.15791788856305	18.3922168035758	6.21637306113502
-2.14970674486804	18.6946593592303	5.64998407662828
-2.14149560117302	19.0138512650653	5.26816384220543
-2.13328445747801	19.2974678444406	5.01141356794862
-2.12507331378299	19.5276754092167	4.65521325165078
-2.11686217008798	19.7357358289631	4.32260469540582
-2.10865102639296	19.9130738083099	4.04483806931409
-2.10043988269795	20.0637631493492	3.76735183264367
-2.09222873900293	20.1724217326063	3.53035707027501
-2.08401759530792	20.2854337248619	3.24292405856816
-2.07580645161290	20.3207725856319	3.02805157173555
-2.06759530791789	20.3821435106276	2.75236962022092
-2.05938416422287	20.4083161509401	2.47917104860422
-2.05117302052786	20.4272372792588	2.20535651113201
-2.04296187683284	20.4214822548950	1.90496563461449
-2.03475073313783	20.4024655253997	1.60381239243071
-2.02653958944282	20.3833900297334	1.26124821619540
-2.01832844574780	20.3413078506424	0.941389633156445
-2.01011730205279	20.2929293064798	0.568143904371193
-2.00190615835777	20.2391869305261	0.246315118495872
-1.99369501466276	20.1825510255346	0.170827110045510
-1.98548387096774	20.1023632402838	0.565876816521132
-1.97727272727273	20.0218949148793	0.969403997827552
-1.96906158357771	19.9309564321667	1.40584581758498
-1.96085043988270	19.8280584720102	1.83536441097852
-1.95263929618768	19.7247726570380	2.26843063704614
-1.94442815249267	19.6087513899908	2.75002239493661
-1.93621700879765	19.4895985005488	3.24372888906698
-1.92800586510264	19.3617525975790	3.76660752836817
-1.91979472140762	19.2266070692710	4.30069313138377
-1.91158357771261	19.0960055430336	4.85689461978055
-1.90337243401760	18.9735137097400	5.53588590763845
-1.89516129032258	18.8291808467887	6.19935352467175
-1.88695014662757	18.6934033632424	6.90826045129785
-1.87873900293255	18.5737674941035	7.64574970958109
-1.87052785923754	18.4686968161194	8.47310483748171
-1.86231671554252	18.3753762826874	9.36686087489220
-1.85410557184751	18.3070354153006	10.2601293697463
-1.84589442815249	18.2537443446954	11.2472532393646
-1.83768328445748	18.2580960802915	12.3085422521346
-1.82947214076246	18.3048747600447	13.4290472272911
-1.82126099706745	18.3631286444233	14.4683552742413
-1.81304985337243	18.4662341441644	15.7297325187753
-1.80483870967742	18.5977639303387	16.8521771379663
-1.79662756598241	18.7432893132963	18.0553648701549
-1.78841642228739	18.9606469002135	19.3618633935391
-1.78020527859238	19.1921016405311	20.5533316611580
-1.77199413489736	19.4519494090734	21.8760955511961
-1.76378299120235	19.7361568988829	23.1353340938198
-1.75557184750733	20.0438613817908	24.4803310936457
-1.74736070381232	20.3698573833743	25.8092883619334
-1.73914956011730	20.7300154705122	27.1399670011995
-1.73093841642229	21.0905904450218	28.5251485510210
-1.72272727272727	21.4842906668255	29.8414592374832
-1.71451612903226	21.8756059297329	31.3089675311876
-1.70630498533724	22.2723219228709	32.6802481975943
-1.69809384164223	22.7080056286546	34.0595938526079
-1.68988269794721	23.1159019324624	35.4754405640300
-1.68167155425220	23.5430328395782	36.9439420756572
-1.67346041055719	23.9614710738888	38.4339506446775
-1.66524926686217	24.3540391907278	39.7127435751714
-1.65703812316716	24.7194535349707	41.0833229864728
-1.64882697947214	25.0517057675059	42.3866757073475
-1.64061583577713	25.3844210779568	43.6923574709544
-1.63240469208211	25.6585561144203	44.8437156242139
-1.62419354838710	25.9074454279692	45.9617552951353
-1.61598240469208	26.0681614490672	46.9886168797815
-1.60777126099707	26.2261236310539	47.8817051623083
-1.59956011730205	26.3456610371065	48.8155392584646
-1.59134897360704	26.4268254218281	49.5639010452905
-1.58313782991202	26.4877066104663	50.2831852034618
-1.57492668621701	26.5068623833223	50.8673265966715
-1.56671554252199	26.5190194644520	51.4915559710808
-1.55850439882698	26.5123013656725	51.9640259322102
-1.55029325513197	26.4841200620386	52.4182130184162
-1.54208211143695	26.4509237860146	52.8070717558095
-1.53387096774194	26.3999368039652	53.1355107659109
-1.52565982404692	26.3503238706761	53.4470268260936
-1.51744868035191	26.2747156168715	53.6775812043122
-1.50923753665689	26.1943907988453	53.9116971083242
-1.50102639296188	26.1069134675787	54.0834812696338
-1.49281524926686	26.0171253967965	54.2034551645004
-1.48460410557185	25.9220621293589	54.3288277244352
-1.47639296187683	25.8213412725753	54.3811540288284
-1.46818181818182	25.7078239849206	54.3969172660402
-1.45997067448680	25.5900864558913	54.3887519970976
-1.45175953079179	25.4675728942658	54.3353119775027
-1.44354838709677	25.3391911046559	54.2650228453935
-1.43533724340176	25.1837329453617	54.1379597268624
-1.42712609970675	25.0252911980967	53.9743539612752
-1.41891495601173	24.8536252216528	53.7459192176317
-1.41070381231672	24.6745321752943	53.5129244236179
-1.40249266862170	24.4794847541134	53.1836067649489
-1.39428152492669	24.2577266613784	52.8098847592820
-1.38607038123167	24.0186470518302	52.3648012698099
-1.37785923753666	23.7788811996884	51.9285096729249
-1.36964809384164	23.4956019038930	51.2448918229555
-1.36143695014663	23.2060877882543	50.6260549807069
-1.35322580645161	22.8869393303281	49.8208014043240
-1.34501466275660	22.5641113387710	48.9056519782087
-1.33680351906158	22.2294763250090	47.9577638239664
-1.32859237536657	21.8870713729638	46.8611433996078
-1.32038123167155	21.5592308695501	45.6599315203143
-1.31217008797654	21.2402891839020	44.4446287606689
-1.30395894428152	20.9459751231797	43.0911406071706
-1.29574780058651	20.6577180634540	41.7602502042708
-1.28753665689150	20.3875402398101	40.2844626415294
-1.27932551319648	20.1299836608471	38.7949173179131
-1.27111436950147	19.9207286883860	37.2848865484829
-1.26290322580645	19.7167257492284	35.7346922240099
-1.25469208211144	19.5662019476888	34.1702349508201
-1.24648093841642	19.4144388671082	32.6054119432543
-1.23826979472141	19.3134787034346	31.0495101583891
-1.23005865102639	19.2301352674540	29.4859210547533
-1.22184750733138	19.1354791430030	27.8766716271716
-1.21363636363636	19.0948707192385	26.2782493094114
-1.20542521994135	19.0843273238520	24.7550568288804
-1.19721407624633	19.0825003043792	23.1914835825603
-1.18900293255132	19.1091270123678	21.6094624680930
-1.18079178885630	19.1300188825604	20.1024726619573
-1.17258064516129	19.1456375630505	18.5778087664650
-1.16436950146628	19.1738438621823	17.0960434414446
-1.15615835777126	19.2136801177575	15.6571551596917
-1.14794721407625	19.2349892101902	14.2159280446183
-1.13973607038123	19.2460620981068	12.9126856944803
-1.13152492668622	19.2541884725514	11.6311063993323
-1.12331378299120	19.2358433234622	10.4576836142692
-1.11510263929619	19.1970807284100	9.33853322628249
-1.10689149560117	19.1427779001424	8.27292575283631
-1.09868035190616	19.1037373902623	7.34803449110758
-1.09046920821114	19.0260743144567	6.47463978202342
-1.08225806451613	18.9537991409524	5.62019993062936
-1.07404692082111	18.8686289145450	4.91234145907021
-1.06583577712610	18.7870936607257	4.23213967092419
-1.05762463343109	18.7097593185938	3.63102418985234
-1.04941348973607	18.6286422573147	3.02540787254531
-1.04120234604106	18.5569490526110	2.51211107146757
-1.03299120234604	18.4902414066189	2.03139819647208
-1.02478005865103	18.4288355172846	1.53501043545554
-1.01656891495601	18.3647027759312	1.08648456251827
-1.00835777126100	18.2983022615610	0.619574324646815
-1.00014662756598	18.2440249556566	0.144437169192373
-0.991935483870968	18.2099512504561	0.334719027954249
-0.983724340175954	18.1761702187089	0.742217667791484
-0.975513196480939	18.1595506123888	1.25002717289717
-0.967302052785923	18.1193426144864	1.76341274232580
-0.959090909090909	18.1127555368430	2.27197730820604
-0.950879765395895	18.1121314257395	2.82702369030697
-0.942668621700880	18.1059860842192	3.47182698166621
-0.934457478005865	18.1123738598175	4.14108095194937
-0.926246334310850	18.1056642463848	4.87467311359796
-0.918035190615836	18.1145820613672	5.73032617729827
-0.909824046920821	18.1130618403946	6.70301193800894
-0.901612903225807	18.1414701779718	7.57985491694301
-0.893401759530792	18.0301810455306	8.78210495946594
-0.885190615835777	17.9600024147820	9.86870635564245
-0.876979472140762	17.8470658153734	11.1255188512739
-0.868768328445748	17.7208147908737	12.5260807941053
-0.860557184750733	17.4636631588360	13.9260713102465
-0.852346041055719	17.1649130262479	15.4351584701546
-0.844134897360704	16.8988308454831	17.1389104550427
-0.835923753665689	16.4911762913643	18.9781006781172
-0.827712609970675	16.0876386106605	20.7786431987919
-0.819501466275660	15.6233556096391	22.9547759971112
-0.811290322580645	15.0823125626514	25.1013069129254
-0.803079178885630	14.6231829424919	27.3027455791172
-0.794868035190616	14.1701754050691	29.6980286430571
-0.786656891495602	13.7583086603025	32.1812614673183
-0.778445747800586	13.4776773279985	34.8475345671543
-0.770234604105571	13.2495122264999	37.6262281647707
-0.762023460410557	13.1523864330811	40.4992171884751
-0.753812316715543	13.2859486635289	43.5107444351092
-0.745601173020528	13.4661472964774	46.5971516636170
-0.737390029325514	13.9107727610173	49.7005977858306
-0.729178885630498	14.4173280125813	52.9638854977828
-0.720967741935484	15.0422602037255	56.2502703528005
-0.712756598240469	15.8496453129587	59.7360100670089
-0.704545454545455	16.7115909545123	62.9240741718113
-0.696334310850439	17.7251460698353	66.2579985831561
-0.688123167155425	18.7587435875784	69.6591688906226
-0.679912023460410	19.8206982357471	72.9623523521887
-0.671700879765396	20.9072011562121	76.2657764060705
-0.663489736070382	22.0567018976257	79.3778437503006
-0.655278592375368	23.0640508209013	82.3506852709519
-0.647067448680351	24.1776761030534	85.1788604153126
-0.638856304985337	25.1805913878120	87.7485035538446
-0.630645161290323	26.1551951226143	90.0099203301040
-0.622434017595309	27.1137343264001	92.0672208140978
-0.614222873900292	27.9564399473915	93.8820112289034
-0.606011730205278	28.7539660703234	95.4468897257961
-0.597800586510264	29.5271853773728	96.7421192195427
-0.589589442815250	30.1752083298939	97.7663172900521
-0.581378299120235	30.8587547973332	98.8080999230200
-0.573167155425221	31.5081260057315	99.3910913803760
-0.564956011730205	32.1543504774174	100.005331668562
-0.556744868035191	32.7639566444764	100.237598479091
-0.548533724340176	33.2627805380522	100.552626266727
-0.540322580645162	33.8783278808749	100.489494161964
-0.532111436950146	34.3770013002235	100.476841400435
-0.523900293255132	34.8689532603426	100.266805065406
-0.515689149560117	35.4199250489148	99.9948919346301
-0.507478005865103	35.9300472341250	99.6159646324454
-0.499266862170089	36.4850042898207	99.2019222311711
-0.491055718475074	37.0762805403962	98.5749541981089
-0.482844574780058	37.7317434714693	97.9158327452989
-0.474633431085044	38.4286092022904	97.1927814034980
-0.466422287390030	39.0989552994190	96.4099646148898
-0.458211143695014	39.7452285616247	95.7061693220489
-0.449999999999999	40.7538677218760	94.6610899680515
-0.441788856304985	41.7003043051160	93.8005482605632
-0.433577712609971	42.8054028583427	92.8093549166504
-0.425366568914956	44.0059278058143	91.7835982359465
-0.417155425219942	45.6088238085925	90.5376852853018
-0.408944281524928	47.2586806604985	89.4494127866924
-0.400733137829912	49.0395557280791	88.1339718670801
-0.392521994134897	51.4096392051574	86.6963242345987
-0.384310850439883	53.8171755900801	85.2261856660978
-0.376099706744867	56.7218436293136	83.4637498426666
-0.367888563049853	60.1684029456898	81.4324288227405
-0.359677419354838	63.6599871379113	79.5133461435652
-0.351466275659824	67.5743263080173	77.3041814703655
-0.343255131964810	72.1952648043543	74.8044411634549
-0.335043988269796	76.9712942082023	72.5768130975222
-0.326832844574779	82.1026389711222	70.5005051071639
-0.318621700879765	87.9942589577597	68.9873561670836
-0.310410557184751	93.8448233949759	67.7075839419363
-0.302199413489737	99.7849263491684	67.2587384365750
-0.293988269794721	106.245590526093	67.8029759637338
-0.285777126099706	112.766240815631	69.4257032606924
-0.277565982404692	119.756892829070	72.2546295838057
-0.269354838709678	126.930748224803	76.3119572654070
-0.261143695014663	134.216578020085	81.4093602740075
-0.252932551319649	141.818291030191	87.7375297391861
-0.244721407624633	149.555548651377	94.5366805273549
-0.236510263929619	157.260348174781	102.241016659584
-0.228299120234604	165.341038469806	110.374086209061
-0.220087976539590	173.441128405654	119.073327043092
-0.211876832844574	181.782824868284	128.450619588671
-0.203665689149560	189.677693778849	137.499569224057
-0.195454545454545	197.794851824539	147.170062430475
-0.187243401759531	206.002301545425	156.880762005370
-0.179032258064517	213.899781291146	166.582354224554
-0.170821114369502	221.803015738895	176.365956118306
-0.162609970674486	229.203186050476	185.828812451893
-0.154398826979472	236.238044954418	195.242421834702
-0.146187683284458	242.966329787604	204.095346310379
-0.137976539589443	249.005654910578	212.578924798752
-0.129765395894427	254.308237985831	220.184400293367
-0.121554252199413	259.299061643141	227.538875361998
-0.113343108504399	263.479649537345	234.117189146436
-0.105131964809384	267.137465591963	240.118757373269
-0.0969208211143702	270.192850399264	245.658722848120
-0.0887096774193559	272.637785103149	250.368043123940
-0.0804985337243398	275.108725212837	254.948030193113
-0.0722873900293255	276.655095786242	258.705705116719
-0.0640762463343112	278.129375697280	262.380879006181
-0.0558651026392951	278.875572117316	265.246164359529
-0.0476539589442808	279.592293350390	268.076118495917
-0.0394428152492665	279.725174652029	270.297042991122
-0.0312316715542522	279.755589384737	272.329474139405
-0.0230205278592379	279.392824364224	274.040600661972
-0.0148093841642236	278.913782964506	275.444971929156
-0.00659824046920932	278.169234862246	276.693564615650
0.00161290322580676	277.286717076331	277.682197178427
0.00982404692082106	275.986247184016	278.322744941042
0.0180351906158354	274.621148325499	278.905487279367
0.0262463343108514	273.078127576145	279.200462133821
0.0344574780058657	271.315022246557	279.276374108139
0.0426686217008800	269.758056840847	279.362301973412
0.0508797653958943	267.355409302692	278.917881778329
0.0590909090909086	265.278621380154	278.547436365334
0.0673020527859229	262.880125505266	277.940464835140
0.0755131964809390	260.277113812726	276.992715405693
0.0837243401759533	257.236293343480	275.832196081053
0.0919354838709676	253.976229875757	274.433550790263
0.100146627565982	250.409191515782	272.680085088499
0.108357771260998	246.369066452009	270.403556319091
0.116568914956012	242.009221729148	267.996858591376
0.124780058651027	236.780370934980	264.812134608356
0.132991202346041	231.029960286841	261.135407084209
0.141202346041055	224.658133684060	256.828875829246
0.149413489736070	217.617347663765	252.061098232404
0.157624633431086	209.232244877048	246.016445020339
0.165835777126100	200.554372822778	239.831312193204
0.174046920821114	191.326607203066	232.682786356964
0.182258064516128	181.596988766532	225.076148597493
0.190469208211145	171.068814513652	216.849917140020
0.198680351906159	160.862117158116	208.489755768397
0.206891495601173	149.684032261832	199.349446778829
0.215102639296187	138.716444515760	189.886055972396
0.223313782991202	128.313724527370	180.397031635789
0.231524926686216	118.398495014275	170.759445858000
0.239736070381232	108.905092035417	160.952619104399
0.247947214076246	100.650361028878	150.988413917175
0.256158357771261	93.5298974021974	141.122483139560
0.264369501466275	88.2874867555084	131.250496165762
0.272580645161291	84.9339149492540	121.433582640195
0.280791788856305	84.6598008114557	111.875124170559
0.289002932551320	86.0661670135275	102.044747611234
0.297214076246334	89.9706649957454	92.7552436836554
0.305425219941348	96.1751960346694	83.4233034542748
0.313636363636363	103.727110410842	74.8777065743820
0.321847507331379	112.753148833727	67.0568428234248
0.330058651026393	122.567607611422	59.7534339385205
0.338269794721407	132.994532569593	53.6335538244034
0.346480938416423	144.225282695879	49.1182614821849
0.354692082111438	154.578207537986	45.7558628421780
0.362903225806452	165.271867600370	44.3951944029618
0.371114369501466	175.146306003287	44.6992049587752
0.379325513196481	185.157642340894	46.6010518858159
0.387536656891495	194.234568598513	49.4509440692470
0.395747800586509	202.940916759549	52.8256242019115
0.403958944281525	211.266968667808	56.5692722761239
0.412170087976540	218.662899607031	60.2866433967670
0.420381231671554	225.652589916208	64.0750877297093
0.428592375366570	232.033994176948	67.7584366796978
0.436803519061584	238.277965567981	71.3047162050629
0.445014662756599	243.661029590733	74.6108635351975
0.453225806451613	249.056856636918	77.9175073426656
0.461436950146627	253.659308799210	80.8704471859075
0.469648093841641	258.102153527573	83.6310005232498
0.477859237536658	262.260183796086	86.2791253908924
0.486070381231672	265.862566687353	88.6395629607597
0.494281524926686	269.529061746563	90.9623731851489
0.502492668621700	272.689654812221	93.0999005337084
0.510703812316717	275.623299834003	95.0471071646856
0.518914956011731	278.503054764591	96.9588076846979
0.527126099706745	280.937373742998	98.6073592987305
0.535337243401759	283.190063208665	100.164697961593
0.543548387096774	285.225499165415	101.603077082915
0.551759530791788	287.083561815791	102.916643640989
0.559970674486804	288.720507863351	104.102482762727
0.568181818181818	290.216386852570	105.239169254323
0.576392961876833	291.261840283915	106.134686100800
0.584604105571847	292.317247605458	107.026381744002
0.592815249266863	293.103977411776	107.792816696414
0.601026392961877	293.493951467813	108.379499996965
0.609237536656892	293.233233302998	108.637479497603
0.617448680351906	293.224300668876	109.060528255467
0.625659824046920	292.073630520745	108.882704834914
0.633870967741935	290.923524245362	108.754487281273
0.642082111436951	288.849535447569	108.162911137467
0.650293255131965	286.693586613264	107.563248860754
0.658504398826979	283.069261005219	106.243773261925
0.666715542521994	279.696374833026	105.069938870976
0.674926686217010	274.612705504848	102.999570795666
0.683137829912024	269.371446052630	100.931446536444
0.691348973607038	263.654175963301	98.5753934510756
0.699560117302053	257.459439563630	95.9573686485044
0.707771260997067	250.792052854210	93.1471897672437
0.715982404692081	243.602532503262	90.0196857347366
0.724193548387097	236.033871296427	86.6886963094665
0.732404692082112	228.209695008113	83.1623156733532
0.740615835777126	220.398304143124	79.7236050989353
0.748826979472142	212.078336480397	75.9192197689727
0.757038123167156	203.765920658723	72.1031133575151
0.765249266862170	195.488857279107	68.3417869383029
0.773460410557185	186.808120825159	64.3237996023459
0.781671554252199	178.084775604606	60.2391712823018
0.789882697947213	169.794403393507	56.4137291855034
0.798093841642228	161.065339280670	52.2800072932306
0.806304985337244	152.645384029764	48.4169713609516
0.814516129032258	144.016123773595	44.3125749804667
0.822727272727272	135.895992253965	40.5287227811119
0.830938416422288	127.576599311236	36.5722501249393
0.839149560117303	119.850670777650	32.9821521000341
0.847360703812317	112.762000744748	29.6123944833625
0.855571847507331	105.152292819722	26.0840324143583
0.863782991202346	98.6936876061056	23.0914325642783
0.871994134897360	92.2493742770527	20.1169587210959
0.880205278592374	86.9686404607435	17.5643460272148
0.888416422287390	81.6657011436806	15.2122564701702
0.896627565982405	76.8716900364070	13.0079749346615
0.904838709677421	72.9522932870071	11.2851537468495
0.913049853372435	69.2438917847998	9.58694419057853
0.921260997067449	65.9145953198431	8.13505500453317
0.929472140762464	62.8263200117644	6.80399580961948
0.937683284457478	60.2698349508935	5.71563665664570
0.945894428152492	57.7590005053144	4.62908290507934
0.954105571847506	55.5451437614230	3.71241923476407
0.962316715542521	53.6618837652044	3.01192407873715
0.970527859237537	51.8377550761210	2.27979293512965
0.978739002932551	50.2283530588080	1.62690089799166
0.986950146627567	48.7809086372029	1.04303499173458
0.995161290322582	47.5797616546590	0.532447794531306
1.00337243401760	46.2296155483798	0.0956874668330442
1.01158357771261	45.1797466486030	0.538667461574072
1.01979472140762	44.1925512350632	0.903416249758793
1.02800586510264	43.3112757354847	1.41636377150605
1.03621700879765	42.5083287741423	1.86731720130669
1.04442815249267	41.7477946719035	2.33497716987066
1.05263929618768	41.0923526125802	2.82406699568053
1.06085043988270	40.4612515799792	3.33309307688523
1.06906158357771	39.8659768305577	3.89932763159937
1.07727272727273	39.3164157515461	4.45319335867268
1.08548387096774	38.7707697120491	5.13495367392112
1.09369501466276	38.3385794324382	5.86107793828264
1.10190615835777	37.7630594164833	6.63191386043096
1.11011730205279	37.2520427384691	7.47458837331143
1.11832844574780	36.7669956099012	8.30437663584577
1.12653958944282	36.2311857712144	9.31036593524670
1.13475073313783	35.6111383417397	10.3687790805536
1.14296187683284	35.1126424569497	11.4529070814056
1.15117302052786	34.4143106086204	12.6432282758320
1.15938416422287	33.6874115950992	14.0161059155436
1.16759530791789	32.9084832340923	15.4312900027292
1.17580645161290	32.1324717432573	16.9107538155023
1.18401759530792	31.1657011499882	18.4547137087550
1.19222873900293	30.1988915235914	20.1190774912820
1.20043988269795	29.1908632481514	21.7736854863033
1.20865102639296	28.1370543042034	23.5991867691123
1.21686217008798	27.0640225865469	25.4351546784072
1.22507331378299	25.9769468815222	27.3004509057849
1.23328445747801	24.8952317924435	29.2082547406669
1.24149560117302	23.6493230119805	31.2070397659327
1.24970674486804	22.5838768845655	33.2561122850880
1.25791788856305	21.4541591823911	35.2805986803167
1.26612903225806	20.3320914079018	37.3923948304511
1.27434017595308	19.1599589138920	39.4325962954365
1.28255131964809	18.0885529883943	41.6212747798565
1.29076246334311	17.0286782278749	43.7729185126861
1.29897360703812	16.0458557711361	45.9044087971050
1.30718475073314	14.9551111481070	48.0487106999195
1.31539589442815	14.0865726699512	50.2048778498930
1.32360703812317	13.1926779773979	52.2932660963486
1.33181818181818	12.4605442944173	54.4273752149054
1.34002932551320	11.8162127588626	56.3683467029991
1.34824046920821	11.2436465508165	58.3941925385194
1.35645161290323	10.7976143196639	60.1852971537979
1.36466275659824	10.5306964458111	61.9703096792900
1.37287390029326	10.3704184313334	63.4836001660212
1.38108504398827	10.3666614521311	65.0797036853914
1.38929618768329	10.4470060091010	66.3481600583038
1.39750733137830	10.5812705933652	67.5842747800059
1.40571847507331	10.7888227745734	68.7258527138066
1.41392961876833	11.0607762601248	69.6574002700466
1.42214076246334	11.2946051664870	70.5664648583654
1.43035190615836	11.5474780110623	71.3806485851285
1.43856304985337	11.8375978772041	72.1030669306444
1.44677419354839	12.1250495263357	72.6909030684696
1.45498533724340	12.3909747121903	73.2338111027141
1.46319648093842	12.6763457427315	73.6840085474485
1.47140762463343	12.9404430547411	74.0498323153397
1.47961876832845	13.2006463304375	74.3686990395782
1.48782991202346	13.4652777103174	74.6198355840397
1.49604105571848	13.7225608081587	74.8566063104085
1.50425219941349	13.9905430592937	74.9699400717092
1.51246334310850	14.2164250735548	75.0615913476201
1.52067448680352	14.4572284997043	75.1285200042836
1.52888563049853	14.6954141579937	75.1114646952434
1.53709677419355	14.9453012489601	75.0457242726163
1.54530791788856	15.1716528932105	75.0005546595411
1.55351906158358	15.4358185043043	74.8214110519149
1.56173020527859	15.6586430467128	74.6690811974266
1.56994134897361	15.8804630745522	74.4563588266638
1.57815249266862	16.1461082309987	74.1222830155635
1.58636363636364	16.3970657629696	73.8501619964284
1.59457478005865	16.6566179187735	73.3663640315246
1.60278592375366	16.9027599984795	72.9160031785148
1.61099706744868	17.1511451788637	72.2948542032067
1.61920821114370	17.3689147536764	71.7364488347820
1.62741935483871	17.6212591381482	70.8656497147137
1.63563049853373	17.8544857732300	69.9804588549346
1.64384164222874	18.0652846619908	68.9799726728250
1.65205278592375	18.2876380733165	67.8122410631727
1.66026392961877	18.4412693243838	66.5206052761579
1.66847507331378	18.6121868902809	65.1382085860548
1.67668621700880	18.7329165337388	63.6265867542074
1.68489736070381	18.8230495018936	61.9813552308481
1.69310850439883	18.9247829862767	60.3011684057266
1.70131964809384	19.0250357657657	58.6363481936119
1.70953079178886	19.0937361005238	56.6848867772828
1.71774193548387	19.1538856360194	54.9055268013733
1.72595307917889	19.2097472732298	52.9856555834598
1.73416422287390	19.2481010132164	51.1828492575907
1.74237536656891	19.2977466263853	49.2636991451349
1.75058651026393	19.3293305537555	47.3869669385851
1.75879765395894	19.3743558021561	45.5349926025209
1.76700879765396	19.4574096705635	43.5255487026506
1.77521994134897	19.5077536480928	41.7699609172935
1.78343108504399	19.5896292286268	39.7883658749803
1.79164222873900	19.6638355689480	37.8731188866686
1.79985337243402	19.7579953032506	36.0166292647564
1.80806451612903	19.8784769409384	34.0099988314602
1.81627565982405	20.0137879520033	32.0480617964787
1.82448680351906	20.1704558750015	30.0926738297365
1.83269794721408	20.3514925157021	28.2270468127395
1.84090909090909	20.5431042470614	26.2282739493125
1.84912023460410	20.7528007646062	24.3044559011226
1.85733137829912	20.9805213774661	22.4203448114762
1.86554252199413	21.2223220386915	20.5585232006273
1.87375366568915	21.4789023027704	18.7408787860614
1.88196480938417	21.7249075056613	17.2512367601543
1.89017595307918	21.9725420167275	15.5173834841479
1.89838709677419	22.2269734108485	13.9090627748865
1.90659824046921	22.4964970294019	12.5108263968854
1.91480938416422	22.7222783523881	11.0879848308170
1.92302052785924	22.9569601237695	9.86083235522430
1.93123167155425	23.2017463645956	8.64278133140927
1.93944281524927	23.4208239769339	7.48788509782959
1.94765395894428	23.6469817614073	6.38296172220561
1.95586510263930	23.8550920945991	5.28327251772368
1.96407624633431	24.0778971688188	4.32525122082940
1.97228739002933	24.2942241522865	3.30442112295190
1.98049853372434	24.5028592526987	2.39297673819845
1.98870967741935	24.7059747913550	1.50744046445181
1.99692082111437	24.8976985516115	0.645543681409212
2.00513196480938	25.1080046150252	0.258366791138551
2.01334310850440	25.3090306707036	1.08635912576396
2.02155425219941	25.5187028626324	1.91974220651054
2.02976539589443	25.7248895931334	2.69918451252546
2.03797653958944	25.9324367409222	3.47868259297453
2.04618768328446	26.1416618354075	4.19219013363309
2.05439882697947	26.3513227980875	4.98824970435562
2.06260997067449	26.5712080692631	5.69642264281678
2.07082111436950	26.7665857495209	6.40840609295453
2.07903225806452	26.9788504766624	7.17615439396054
2.08724340175953	27.2010893922806	7.88403612595278
2.09545454545455	27.3990937991415	8.69353779502569
2.10366568914956	27.6047916724622	9.29208403908103
2.11187683284458	27.7965897559430	9.99828133916431
2.12008797653959	27.9625745662853	10.7340361111504
2.12829912023460	28.0950218367766	11.3082334553040
2.13651026392962	28.1698412220362	11.9206620495229
2.14472140762463	28.2618990299321	12.3816222826173
2.15293255131965	28.3159207801172	12.9714725123192
2.16114369501466	28.2765230960298	13.3542427456096
2.16935483870968	28.2188966075739	13.7303524065404
2.17756598240469	28.0835377187806	13.9053568649298
2.18577712609971	27.9190486700732	14.0491566267985
2.19398826979472	27.7408099709757	14.1146317697093
2.20219941348974	27.4713835889465	14.0584473496222
2.21041055718475	27.1962310557775	14.0780429151314
2.21862170087977	26.8812297449369	13.9312188053494
2.22683284457478	26.5355455694946	13.7155172975343
2.23504398826979	26.1806972951952	13.4431693810651
2.24325513196481	25.8206793421471	13.2584069039788
2.25146627565982	25.4255089430791	12.9799513782468
2.25967741935484	25.0673893486887	12.8247252114342
2.26788856304985	24.6329975725217	12.6966717413986
2.27609970674487	24.2121990193650	12.5961920794625
2.28431085043988	23.8059111074594	12.5162540214719
2.29252199413490	23.4070491368256	12.5653536790124
2.30073313782991	22.9978098272746	12.6525916188565
2.30894428152493	22.6225709058091	12.9047892853441
2.31715542521994	22.2703420558619	13.1804023187595
2.32536656891496	21.9162037862915	13.3905110205482
2.33357771260997	21.5845852086170	13.8506238511374
2.34178885630499	21.3208253016432	14.0522610371302
2.35000000000000	21.0671342471671	14.3603851234321
2.35821114369502	20.8428970148487	14.5879452586431
2.36642228739003	20.6912201990009	14.8309627595549
2.37463343108504	20.5431669834562	14.9070255619602
2.38284457478006	20.4519908715158	14.9575194243369
2.39105571847507	20.3698309057395	14.9832137433168
2.39926686217009	20.3352689265581	14.8211524958965
2.40747800586510	20.3067475891674	14.7066170136991
2.41568914956012	20.3038168870881	14.4735749793115
2.42390029325513	20.3262612592218	14.2786897379995
2.43211143695015	20.3530012464805	14.0156678174027
2.44032258064516	20.4025325959898	13.6850228497474
2.44853372434018	20.4537803669063	13.3406172797501
2.45674486803519	20.5075902246906	12.9177660377571
2.46495601173021	20.5779808436789	12.5159314650356
2.47316715542522	20.6533379471762	12.0438903491074
2.48137829912023	20.7375382380022	11.5945231193319
2.48958944281525	20.8157347576083	11.0889538585081
2.49780058651026	20.9019689578106	10.6298066278810
2.50601173020528	20.9934586323337	10.0637225813398
2.51422287390029	21.0826147399305	9.50183857370924
2.52243401759531	21.1711823569804	8.97123072850360
2.53064516129032	21.2661710517707	8.40880090752925
2.53885630498534	21.3703607866847	7.82366243873998
2.54706744868035	21.4683573557855	7.30711878475555
2.55527859237537	21.5629541128840	6.73523278768402
2.56348973607038	21.6678777224817	6.21113314612271
2.57170087976539	21.7594532529871	5.69351953207342
2.57991202346041	21.8557122831346	5.26071023404037
2.58812316715543	21.9671644076880	4.89772559287793
2.59633431085044	22.0514800272376	4.46295136313926
2.60454545454546	22.1383097459687	4.29826493510905
2.61275659824047	22.1926279514950	4.24679125041969
2.62096774193548	22.2390876426093	4.41647074687057
2.62917888563050	22.2751715616630	4.73885737863928
2.63739002932551	22.2641682992768	5.09027451565600
2.64560117302053	22.2205607435220	5.61923867853119
2.65381231671554	22.1697394992760	6.31310519199089
2.66202346041056	22.0471359469567	6.91235929124152
2.67023460410557	21.8749785703399	7.50013623930978
2.67844574780059	21.6899200377416	8.09128174551194
2.68665689149560	21.4535483152130	8.58432070162961
2.69486803519062	21.1756479946449	9.11432490512364
2.70307917888563	20.8992547149851	9.53503101400662
2.71129032258065	20.5855193721146	10.0052669145236
2.71950146627566	20.2280098920148	10.3297688601310
2.72771260997067	19.8729217893889	10.5295582351730
2.73592375366569	19.4899718671662	10.7071953975699
2.74413489736070	19.0977526263870	10.7983699244277
2.75234604105572	18.6902169694287	10.8815543717971
2.76055718475073	18.2798304135645	10.9557020159175
2.76876832844575	17.8546858522588	11.0355179203606
2.77697947214076	17.4301693213425	11.0186271189766
2.78519061583578	17.0164708177997	10.9357331471996
2.79340175953079	16.5900610893087	10.9788916583658
2.80161290322581	16.1817294558925	10.9009714440082
2.80982404692082	15.7748175627563	10.9358830523488
2.81803519061584	15.3506927711643	10.9364606680724
2.82624633431085	14.9646794126347	10.7954287904409
2.83445747800586	14.6156274115320	10.8821939849054
2.84266862170088	14.2680891984830	10.6994576145365
2.85087976539590	13.9619577193317	10.5675014556384
2.85909090909091	13.6598371469042	10.3358870937921
2.86730205278592	13.4164969149674	10.2153209715857
2.87551319648094	13.1925401561576	9.83029508243382
2.88372434017595	13.0112100733093	9.48353130728059
2.89193548387097	12.8341679822802	9.09327304912680
2.90014662756598	12.6955014879039	8.53059366064773
2.90835777126100	12.5851144300425	8.02285651534761
2.91656891495601	12.4795289782701	7.46816857527483
2.92478005865103	12.4013958773751	6.92566290354564
2.93299120234604	12.3242156679805	6.30452322124283
2.94120234604106	12.2685347445846	5.63263802863806
2.94941348973607	12.2203701932263	4.97958875353002
2.95762463343108	12.1774516305875	4.25043899870329
2.96583577712610	12.1437758937591	3.55533627668087
2.97404692082111	12.1241601575272	2.75253356663776
2.98225806451613	12.0974360669394	2.01849108017495
2.99046920821114	12.0815953109077	1.18551857914902
2.99868035190616	12.0656783252892	0.466860181200992
3.00689149560117	12.0532098560260	0.412844415017350
3.01510263929619	12.0392108952498	1.28080656405188
3.02331378299120	12.0312267252786	2.15128551178466
3.03152492668622	12.0251255042278	3.01667736486056
3.03973607038123	12.0176702031987	3.91424391668152
3.04794721407625	12.0023451856324	4.78874303377124
3.05615835777126	11.9924593044308	5.71405575449890
3.06436950146628	11.9847404884254	6.65740305742056
3.07258064516129	11.9709188702506	7.61387061622214
3.08079178885631	11.9600005679048	8.62425988034851
3.08900293255132	11.9381774455556	9.64613016657900
3.09721407624633	11.9116156071791	10.7989984401032
3.10542521994135	11.8802621258677	11.9043928083068
3.11363636363636	11.8479233764391	13.0855695705064
3.12184750733138	11.7859020585209	14.3283434276550
3.13005865102639	11.7323563988809	15.6445901917546
3.13826979472141	11.6390307506826	17.0427396327817
3.14648093841642	11.5429433362372	18.3876486750552
3.15469208211144	11.4236912855263	19.9622461330352
3.16290322580645	11.2823050717721	21.5492744292133
3.17111436950147	11.1264325872074	23.1255116539531
3.17932551319648	10.9408124340227	24.5609713983940
3.18753665689150	10.7431162153897	26.3445686746523
3.19574780058651	10.5406159642841	27.8517781985820
3.20395894428152	10.3268824190135	29.4985315906500
3.21217008797654	10.0866218534840	31.2288875422409
3.22038123167155	9.84736867407610	32.7025721881310
3.22859237536657	9.60251573346534	34.4070217440162
3.23680351906158	9.34209507844284	35.9716625396610
3.24501466275660	9.08829573576497	37.6673975885343
3.25322580645161	8.82902145716623	39.2866506798451
3.26143695014663	8.56072192704387	40.9157778727081
3.26964809384164	8.30445940615111	42.6209132685565
3.27785923753666	8.04169367069435	44.1852705167868
3.28607038123167	7.78088666674529	46.0409476442040
3.29428152492669	7.51753266288984	47.7125056621574
3.30249266862170	7.25484309419327	49.4148384194584
3.31070381231672	7.00417881824987	51.2188581688824
3.31891495601173	6.75349355196881	53.1119177849094
3.32712609970675	6.50560527006058	54.8655607977627
3.33533724340176	6.27348910370326	56.6757398139375
3.34354838709677	6.05683252566684	58.5456726852747
3.35175953079179	5.84131054240660	60.3202525525711
3.35997067448680	5.64434459758459	62.1760109463938
3.36818181818182	5.45019443430162	63.7729497593098
3.37639296187683	5.28162230397991	65.4268639450439
3.38460410557185	5.13859203816985	66.9584347303377
3.39281524926686	4.98003003954015	68.3029366375811
3.40102639296188	4.84676986784776	69.8215744376497
3.40923753665689	4.72260813526711	71.0127699999944
3.41744868035191	4.60668612270046	72.2079160559600
3.42565982404692	4.50368485735639	73.2223984596164
3.43387096774194	4.40617557387287	74.3702543394779
3.44208211143695	4.32027466664806	75.2284079054152
3.45029325513196	4.23213584140139	76.1105232616623
3.45850439882698	4.15036529951238	76.9039892829628
3.46671554252199	4.07150310914272	77.6507989026191
3.47492668621701	3.99788459862776	78.3682979635108
3.48313782991202	3.92697945710614	78.9724766820386
3.49134897360704	3.85592020191042	79.6105328054976
3.49956011730205	3.78818673928222	80.1324978694444
3.50777126099707	3.71823624976764	80.6214246361344
3.51598240469208	3.65384963212672	81.1356844381257
3.52419354838710	3.58825573992699	81.5340962503880
3.53240469208211	3.52071377903658	81.8832676176355
3.54061583577713	3.45282828509386	82.2036631468261
3.54882697947214	3.38369243617851	82.4792406189796
3.55703812316716	3.31418201199229	82.7310521283203
3.56524926686217	3.24657818353011	82.9313909988203
3.57346041055719	3.16805064740870	83.0406035506945
3.58167155425220	3.09038826286146	83.1138139867038
3.58988269794721	3.01385754667643	83.1700917100188
3.59809384164223	2.93436906039106	83.0956946531309
3.60630498533724	2.84730801404461	82.8946543538946
3.61451612903226	2.76263899839696	82.6214782947455
3.62272727272727	2.67002935396214	82.3316722401883
3.63093841642229	2.57883804523362	81.7672565851626
3.63914956011730	2.48488489542431	81.1415121864237
3.64736070381232	2.38435464723954	80.3138604763184
3.65557184750733	2.28864926275046	79.2587808771363
3.66378299120235	2.18744833988991	78.0870728089141
3.67199413489736	2.08572207040519	76.6952833877556
3.68020527859238	1.98211692755510	75.0568808512508
3.68841642228739	1.88164742701003	73.3711186100190
3.69662756598240	1.77988889343983	71.4415698923089
3.70483870967742	1.68173688687398	69.4942676791978
3.71304985337243	1.58370327707123	67.3116457860190
3.72126099706745	1.48955901618988	65.0607348219459
3.72947214076246	1.39679999586003	62.7296025543036
3.73768328445748	1.30688611827426	60.3308121802042
3.74589442815249	1.21683543803563	57.8738432549075