-5.50000000000000	0.494941278957403
-5.49508537606505	0.497486328620077
-5.48355532856506	0.503486843039083
-5.48180056649278	0.504400063484761
-5.46796830566571	0.511609953944464
-5.46598998274387	0.512657945539433
-5.46056464845309	0.515521327250056
-5.44046471976683	0.526119270264650
-5.42415156286150	0.534767618226019
-5.41854956806764	0.537800777955754
-5.41343961314556	0.540534482059905
-5.41127996390610	0.541689842934794
-5.39833889688317	0.548596427169843
-5.39038513979892	0.552905085414369
-5.37751239641896	0.559976971378450
-5.36255869163506	0.568223951462717
-5.34638956550673	0.577114954700230
-5.33013467955560	0.586175941507333
-5.30997360893821	0.597686983441267
-5.28953353924601	0.609438524998119
-5.28684245029188	0.611027304294029
-5.28473890291642	0.612417895866273
-5.28141315898748	0.613870015734916
-5.25389035551392	0.630911394576910
-5.25099711134162	0.632631792177881
-5.24207666830397	0.638021446710993
-5.24001876627764	0.639330767464800
-5.22569834772181	0.648345928039634
-5.21544858426636	0.654798481297395
-5.20914771793951	0.659038010067148
-5.19667568650448	0.667135601554371
-5.19652764831894	0.667218487816350
-5.19645456010206	0.667352303256022
-5.17955185559490	0.678425416189553
-5.16871855057456	0.685928385146199
-5.16706904578486	0.687070805045553
-5.16680493447898	0.687273426845091
-5.16290028572977	0.690031325110347
-5.14907891105315	0.699909671007347
-5.13160263487396	0.712716510022682
-5.13016460537352	0.713661198180752
-5.12944443025735	0.714195846074482
-5.12601498421894	0.716909321908799
-5.11965810176357	0.721904630003048
-5.11741706884916	0.723727550597960
-5.11223075664524	0.727672130162751
-5.08121595663689	0.751959599359212
-5.07709645234741	0.755370864112905
-5.07183337660411	0.759966429141175
-5.06954743080315	0.761610666342864
-5.05172459594012	0.777080505667101
-5.04429094383646	0.783545310214614
-5.04243785728961	0.785386391149814
-5.02746576764107	0.799270518351299
-5.01249627242397	0.813152239648407
-5.00605569596655	0.819238286822564
-5.00131150969906	0.823364666748775
-4.99888177090649	0.825744341969360
-4.98746950802535	0.837589487834405
-4.98703175126239	0.838031548969790
-4.97097001458555	0.854321209842112
-4.95550060630283	0.870992013178349
-4.95329034491479	0.873376078199535
-4.94130098523277	0.886641474476478
-4.92533761296381	0.904780539913642
-4.89836626309834	0.937493299982600
-4.88581963556649	0.952413898791534
-4.88509526610455	0.953930125340736
-4.88478184194604	0.954117419077196
-4.88442961992324	0.954569823745319
-4.88435760855035	0.954662317340667
-4.87830182254979	0.962647532106221
-4.85166728469917	0.997748415281627
-4.84780337727957	1.00285694796188
-4.83832840986391	1.01547828774136
-4.83550367067032	1.01947905667477
-4.82414438566601	1.03556757722005
-4.80954183984807	1.05723425963117
-4.80461323113908	1.06434533121339
-4.79401890366533	1.07962954782424
-4.78821277531742	1.08862619621293
-4.78076378643864	1.10016847185307
-4.77265359390937	1.11256900686034
-4.76126908542719	1.13039499718596
-4.75748974781900	1.13585277618184
-4.73971541991317	1.16452680558259
-4.73856854642428	1.16655380989281
-4.72088938238083	1.19589343994735
-4.71018726680537	1.21365986221909
-4.70846774009925	1.21636373335714
-4.69635916782096	1.23624460079262
-4.69081206034625	1.24535230612902
-4.68252710146071	1.25932196830396
-4.65959960078556	1.29537315600537
-4.64165999752786	1.32530470965143
-4.63697080228391	1.33265647692326
-4.63242065965652	1.33954633871557
-4.62167135154777	1.35821305139554
-4.60614906121392	1.38282721221468
-4.58603400615745	1.41144777827783
-4.57742834777743	1.42506380210872
-4.57700064021440	1.42575330837409
-4.53499865659912	1.48687297103217
-4.53322835778574	1.48952782088542
-4.53305139811566	1.48515327182525
-4.53295344529095	1.48528640272023
-4.53191229805468	1.48665446063758
-4.53144557223977	1.48803934716621
-4.53122102941505	1.48842973481993
-4.53092349317559	1.48881393557116
-4.52992921569654	1.49185713094655
-4.49672701907194	1.53074708500818
-4.47297310288776	1.55455701653968
-4.46809207239426	1.55909445206686
-4.45679919607311	1.56842918316801
-4.43929599129343	1.58269786943273
-4.43624907172537	1.58424528618135
-4.42348495275309	1.59019499392298
-4.41842097829312	1.59363347446884
-4.38973729294117	1.60581016704178
-4.37994264056521	1.60505436000120
-4.35696940973708	1.60116208028312
-4.35524399332107	1.60128716810547
-4.35040493302609	1.59584179416296
-4.33475794719471	1.59683923188311
-4.33465225520466	1.59665199309464
-4.33462300818471	1.59871715292588
-4.31070811780937	1.57940297239848
-4.29694882493903	1.56513914844195
-4.29172769497422	1.55965876087579
-4.28612753623589	1.55266156167513
-4.27993829541849	1.54337545816618
-4.27323713424259	1.53398784434342
-4.25683295756507	1.50812143603806
-4.22748757570395	1.43897148251145
-4.22157942706885	1.42007037375919
-4.21618505202036	1.40791114036492
-4.21267513691545	1.39651337327339
-4.19622243066138	1.34734427450712
-4.16815937017930	1.24014959052019
-4.16410556567074	1.22007262980625
-4.16254613193898	1.22176534605342
-4.15760232662725	1.19295499215457
-4.15691753651424	1.18605495532350
-4.15610415436242	1.19168724859400
-4.15368279791445	1.17888167026186
-4.11586403599584	0.984422879650726
-4.09873216479848	0.884240415415678
-4.09650427842969	0.871015001893937
-4.09536583150720	0.858166587822879
-4.08369995553736	0.777099598139004
-4.08303118084043	0.773702268662320
-4.06878955088925	0.677131272548311
-4.04928724739668	0.531183546545968
-4.04223234179448	0.470277327446702
-4.03088301306684	0.372296611461115
-4.01752552093884	0.260146799614277
-4.00439885743863	0.135310676585172
-4.00186609919654	0.111334623908510
-3.99989123323820	0.0926397917449295
-3.93876670754903	-0.598848455859898
-3.93670155915019	-0.624267779598446
-3.93564186837768	-0.640345756268523
-3.93454785276252	-0.654792162785199
-3.93377878044669	-0.663580722296412
-3.93304558351672	-0.673107106027312
-3.93150315927275	-0.693147731708481
-3.89037412120749	-1.25678273399923
-3.88225788328992	-1.38313602375008
-3.87631541430511	-1.47533863233503
-3.87449312056646	-1.50361311500232
-3.84768559881833	-1.94658000705319
-3.84145742067525	-2.05343681235839
-3.82571020546597	-2.32361166462815
-3.82275840981234	-2.35986080432005
-3.82152856552271	-2.38383296060963
-3.81324082483527	-2.54697862368279
-3.81233565489849	-2.56269233911884
-3.80318072707294	-2.73855192428787
-3.76704050159260	-3.44249635597525
-3.76614753274054	-3.46297133693004
-3.75738762657728	-3.65044834392542
-3.74342786298451	-3.95777334203320
-3.74059989261579	-4.01917246413691
-3.72538964657307	-4.35425930323833
-3.70597662041611	-4.80584766355641
-3.70070680068221	-4.92885745740072
-3.68261505254386	-5.34540955527132
-3.67709397498480	-5.47252919136973
-3.65102778667043	-6.08947895370763
-3.64538641918483	-6.22294998334171
-3.62086611701299	-6.83680545654935
-3.61858213898867	-6.89153663422562
-3.61819581779346	-6.90080664015127
-3.61441283847774	-6.98958652829254
-3.59339349032009	-7.51545274066520
-3.59007089008298	-7.60025816254483
-3.56595195235798	-8.15933176454970
-3.56510403259387	-8.18170471354835
-3.56176203503191	-8.26988562897539
-3.55089037044789	-8.54411577899937
-3.54852966546624	-8.57567725572742
-3.54347311257552	-8.71131319059889
-3.52000992458389	-9.25476489798698
-3.51680798402923	-9.32847808453339
-3.51653020506015	-9.33498860317096
-3.50165162036523	-9.65759132652141
-3.48756384634841	-9.96568185342567
-3.47314721499480	-10.2883980840313
-3.45885199109936	-10.5936148472073
-3.45368975198876	-10.7027742069443
-3.44850171673043	-10.7918535302942
-3.42406771304415	-11.2234786127204
-3.40343851391260	-11.6159244923955
-3.38657287500645	-11.8500941159273
-3.37128981528717	-12.0270867180735
-3.36728300516661	-12.0586128332931
-3.35898431811040	-12.2658332977993
-3.33114367680876	-12.4002016224989
-3.32161434329591	-12.4662682531303
-3.30788319870470	-12.5614659347552
-3.27755915744269	-12.5813583581437
-3.27480957618192	-12.6146541072697
-3.26705265833960	-12.6421585736903
-3.26486628568625	-12.5146348727952
-3.26396910357369	-12.5090972873846
-3.25612389899811	-12.4836410514612
-3.25042385280356	-12.5841742510902
-3.23293587144224	-12.2138379472421
-3.22367261183244	-12.0725424034352
-3.21964456231125	-12.0080049999678
-3.19203316558804	-11.4313225131458
-3.18629558876048	-11.3259349431481
-3.18527614695922	-11.3070112316029
-3.18428364074796	-11.2724788878994
-3.18000302112586	-11.1592005290899
-3.17205103647302	-10.9619256694642
-3.12709704502452	-9.20084449474187
-3.12560299836746	-9.14634804064880
-3.12345044408044	-9.01216287911348
-3.11039089393808	-8.37042146045020
-3.10823102503084	-8.25479852309717
-3.10155743338562	-7.90199078227744
-3.09286972321099	-7.39758147077223
-3.08755609993729	-7.22014680434803
-3.08383897690831	-6.97157921283064
-3.07452371613201	-6.37724477220670
-3.06281635937816	-5.57836643614579
-3.05261600750339	-4.88465607530686
-3.03887176343232	-3.78174397397512
-3.03779429750187	-3.69656776822061
-3.02900525379981	-3.01335942173376
-3.01568477904935	-1.88161260880971
-2.99557214916865	0.00557094581345807
-2.99435659267041	0.226751775232598
-2.99403602796172	0.0179621223950832
-2.99211473554096	0.225301953115486
-2.98568274255419	0.874362600404741
-2.97854233830186	1.59490993549442
-2.94892090583576	4.94040018545872
-2.94528563995244	5.38338774335502
-2.93623082614320	6.47873580590451
-2.90993783843533	9.66908819882885
-2.90723724787969	10.1905189762478
-2.89451689938913	12.1242533736440
-2.86969572435516	15.9448794799195
-2.86785077588290	16.2288651610239
-2.86074966375158	17.3032685263365
-2.84387640602300	20.1778597287759
-2.83231548865376	22.3070572899202
-2.82609733596137	23.4466230836374
-2.80471428681091	27.3468190270744
-2.79877602069897	28.5806224795058
-2.78319272146460	31.8524029387053
-2.78281380490118	31.9288470755776
-2.78203746484924	31.9653672584491
-2.75184087184377	38.5898111951294
-2.75038237254954	38.9097726823266
-2.74372729176130	40.4277737391143
-2.73714949044272	42.0053714829903
-2.73624571493649	42.2146655335648
-2.70530390512128	49.3403672711202
-2.70287262500666	50.4535609347768
-2.70231117791366	50.5900056440741
-2.69966083611341	50.8109029429177
-2.67770849897047	56.5687858918718
-2.67496517598120	57.2632767263824
-2.66567660807205	59.6336441380669
-2.66054651687881	60.9928482007959
-2.65244517747819	63.2016562084158
-2.64371187434490	65.3775470479748
-2.63924384804378	66.6819018870000
-2.63385976139203	68.1289676095822
-2.63354108942616	68.2222682132319
-2.62724560653648	69.9219431842833
-2.60810438614083	75.1707034937393
-2.59608093213223	78.4069221011867
-2.59068873593192	80.0180418719722
-2.57650648540121	84.1107054717449
-2.56940579895850	86.0215378285063
-2.56174250321990	88.2306861177522
-2.55324133741102	90.7219749627909
-2.54878974871746	91.9860613163646
-2.54637830306892	92.6699950267186
-2.54160667979754	94.0920949520925
-2.53867366774324	94.9510836158930
-2.52524510171477	98.7621887108704
-2.50108110025728	105.731349190153
-2.48353345369532	110.906830327408
-2.45852536912452	118.087277972960
-2.45362939063962	119.522974528006
-2.45236871419663	119.898294951157
-2.42686345371287	127.202893745252
-2.39820407858577	135.385864354356
-2.38752333741136	138.365819386007
-2.35279030713201	148.025424198372
-2.35062821972678	148.553248080521
-2.34863279698157	149.037321262361
-2.33213589814820	153.379870895851
-2.31667541441431	157.278070576540
-2.31411622574109	157.905708469566
-2.30825992474584	159.434925194845
-2.29845900800031	161.778718225323
-2.29713998345310	162.112135030749
-2.29109611759718	163.543308035589
-2.26718299242471	169.205878983399
-2.25818448684958	171.278684789753
-2.24952034232802	173.155239288561
-2.23974269123816	175.127352450470
-2.22897497785759	177.278926400174
-2.22500213990465	178.127061242450
-2.19932197098804	182.880795175989
-2.19119723989538	184.116851981141
-2.18569551256559	184.997852856731
-2.17443830692005	186.835284355940
-2.16971074057916	187.555454068346
-2.16696494681773	187.946417118263
-2.16203718178216	188.614081028184
-2.16007156928457	189.102368021650
-2.15571805972714	189.653352497729
-2.13391073637755	192.413308912658
-2.12750641018012	193.139866383478
-2.11873411381882	194.066130659851
-2.11071374616452	194.906541575801
-2.10410906000027	195.520744274235
-2.09424320349709	196.599608471877
-2.08350929413497	197.221396357384
-2.06937830737487	198.139462679986
-2.06184555982983	198.628852554534
-2.05633539530632	198.736868223892
-2.05408397291666	198.838630321114
-2.02224033030751	200.096585428718
-2.01043859260322	200.210083566362
-1.99963056004520	200.182295782681
-1.97926272140469	199.787109326787
-1.96440353364839	199.271553239295
-1.96298133125215	199.197760081030
-1.96182453648338	199.248776375025
-1.96097757978781	199.208706087373
-1.96046754150647	199.331335560905
-1.95872943852942	199.410633011814
-1.92613172315060	197.522211680883
-1.91168907114900	196.311947787680
-1.90413997674620	195.732015737776
-1.88975609380051	194.627025618803
-1.88894726704911	194.283307429537
-1.88146200217501	193.416604070892
-1.87075834013035	192.156696445511
-1.87071700769790	192.166414328355
-1.86460188088193	191.409514199001
-1.83669995567248	187.747681724831
-1.82873430319401	186.755590796310
-1.81129527076356	183.613416395596
-1.76303349855720	174.621778150767
-1.76256423963159	174.676970951282
-1.76224999760160	174.620179678183
-1.76186510811238	174.318730230182
-1.76184536867056	174.312970795395
-1.76181639557606	174.306999083607
-1.76180016952009	174.207192971317
-1.76161081970427	174.604267003887
-1.76151655141384	174.545258815560
-1.76097794285057	174.420935663166
-1.71595569453028	164.028772929885
-1.68502091852791	156.483511637134
-1.67822255444802	154.491146655473
-1.67097483203653	152.636607347991
-1.66820647638431	151.813737285860
-1.65786536604801	148.485964662978
-1.65708690134241	148.987865857748
-1.65670028556809	148.877849907761
-1.65597842763502	148.629746549243
-1.65500315653198	148.422858979868
-1.63396269641684	142.822317711775
-1.62705973100754	140.955260054596
-1.61835991512978	138.618606772528
-1.58941111197068	130.532550160539
-1.58895584718096	130.400120775991
-1.58880022915195	130.685986881461
-1.58857751013981	130.623218328817
-1.56513143131809	123.418538755489
-1.54638841814559	118.073392562304
-1.53330650616037	114.301416105197
-1.52623054287030	112.250620373434
-1.51392751846027	108.686845197856
-1.50077062856960	105.118881282340
-1.48492879895423	100.366498228898
-1.46978450745050	96.0590606954696
-1.46277525919481	94.0617248335420
-1.45780630372957	92.6118117357280
-1.44882597264253	90.1132904942904
-1.44232485897800	88.2397222558397
-1.42600936816960	83.5377301125321
-1.42507746228197	83.3093227436838
-1.41541311508604	80.5308323225161
-1.41281922921217	79.8528686269281
-1.41123496038387	79.4081811758469
-1.37963801750977	70.7374283674774
-1.35631407406820	64.4763107229444
-1.35304699683155	63.5566001095501
-1.35131967099699	63.2339743694922
-1.33830662037863	59.7710052173712
-1.31897722057777	54.7710543802444
-1.31058669344246	52.7613631687957
-1.30669612292114	51.7895376676545
-1.30052461361100	50.2484908805142
-1.27854184737803	45.0653189136759
-1.27304207389140	43.8189421072467
-1.26942115997357	42.9447058549979
-1.26418388245357	41.6760077060630
-1.25045037513634	38.6249333097509
-1.22722007630494	33.7172546486969
-1.22335566676056	32.8420510249175
-1.22189861435066	32.5433050006233
-1.22105838698847	32.4395029495169
-1.22070052259901	32.3636350905082
-1.21876125618906	32.0188434705767
-1.21513360285092	31.2111040408816
-1.21026353658718	30.2667237911282
-1.17760806775573	24.0311101443387
-1.17336155945896	23.2878362243381
-1.16355631068619	21.4762678368131
-1.15157009690512	19.5114217123216
-1.13337284157685	16.5388722429870
-1.11566038177813	13.8958745085951
-1.11447033043366	13.6943416406004
-1.09428812235626	10.8723577213197
-1.08055485129885	9.02190028298028
-1.07284908411706	8.06278003016740
-1.07135048222224	7.88490082240993
-1.05630619684668	6.02661245645378
-1.04956656650817	5.26510048018374
-1.02696424014194	2.86985233259043
-1.02201566827902	2.37315331565815
-1.01286304619659	1.46605880748710
-0.997037247114576	0.0103934775877791
-0.994657764798277	-0.252422729731173
-0.991271239940728	-0.525204465446941
-0.986312057818243	-0.933241179665188
-0.971490528787709	-2.12163725330757
-0.963645268510923	-2.76045984624460
-0.962002761877586	-2.89576862038158
-0.953538688003913	-3.53926934686054
-0.952524622029372	-3.59355360334441
-0.945758855833224	-4.05570333452382
-0.937755408080168	-4.57172040838996
-0.937512392189873	-4.58714139325787
-0.917163175920290	-5.82101391540513
-0.898667329907163	-6.88048145342481
-0.898379671394540	-6.89694666580808
-0.898189503574593	-6.87388383046871
-0.882945798918151	-7.58111870150560
-0.860905148201766	-8.66142573153029
-0.856890663095911	-8.66336368727049
-0.849554731511975	-8.92537247143037
-0.839493738395859	-9.24919526850288
-0.833261322118688	-9.44160287797864
-0.816617120903196	-9.87871195522470
-0.813466009780705	-9.96061008327728
-0.795939617810098	-10.2982919468465
-0.790619523146964	-10.3880910233104
-0.778579950147631	-10.5919656120159
-0.761059307343900	-10.7998793172474
-0.759088192001080	-10.8251673782909
-0.758179679841575	-10.8313711930772
-0.755493933552279	-10.8456306690875
-0.736937863444846	-10.9397845609365
-0.719075893104338	-10.9665329441480
-0.717687006705821	-10.9693133322755
-0.704585182998669	-10.9463290932037
-0.686137356425580	-10.8152411340801
-0.676542179412674	-10.7729848334957
-0.669483016959605	-10.7390469054231
-0.659144394872280	-10.6528317458811
-0.655117226991088	-10.6490463828535
-0.654138197586567	-10.6417130182767
-0.645608746330413	-10.4947032905230
-0.642579953103819	-10.4614935739481
-0.631932636107409	-10.3516245533513
-0.627499904160008	-10.2800880866936
-0.620620003496781	-10.1725269294475
-0.602114207676168	-9.90813631505900
-0.599938098601023	-9.85590424464277
-0.593817853329404	-9.76210116639269
-0.589381461779531	-9.66756244131430
-0.578917717641632	-9.47281565570345
-0.570523996762337	-9.31564857329913
-0.553998597262501	-9.00893264539001
-0.552986124832570	-8.99121697530107
-0.552307161104676	-8.98478992724112
-0.537735194358576	-8.70686078846618
-0.535186093628079	-8.63929935689127
-0.531017499852022	-8.59645783046732
-0.510408938126425	-8.09391988477456
-0.506190848246681	-8.00016799939410
-0.501522711676899	-7.89555700611451
-0.482719955023040	-7.48406938860078
-0.474488582195135	-7.30102956382698
-0.450736873544628	-6.73546676304389
-0.445255030892256	-6.60592042543095
-0.439349000276097	-6.47372242513440
-0.427729614785475	-6.19027050953763
-0.423796847131825	-6.09693462806181
-0.420499427578578	-6.00751690570198
-0.396540197127560	-5.44894864066465
-0.368167214855470	-4.77631547244262
-0.365838531835487	-4.72005268237886
-0.363699602794902	-4.70035556766395
-0.357468861530555	-4.54083348681309
-0.346676157312693	-4.28994997095170
-0.336644803131954	-4.05235079786159
-0.331686304762033	-3.96047379353920
-0.309725472782810	-3.49396624275911
-0.305341329387351	-3.39624401430452
-0.300563193196708	-3.28704235873434
-0.282692519664299	-2.91268601497606
-0.272508492725669	-2.70600585520609
-0.254603943783885	-2.38493000899966
-0.248461227143461	-2.27885847155120
-0.243800643009878	-2.18580313367710
-0.229225114366446	-1.93075477160097
-0.217891848249179	-1.74435433513985
-0.199839245837901	-1.44739059331222
-0.188666491319291	-1.29211040173396
-0.177572678743449	-1.15134964765987
-0.173525005420094	-1.09974388122394
-0.134781866769892	-0.620409815045773
-0.130389264249328	-0.613094372957715
-0.128224163479993	-0.589567645050607
-0.127234114765347	-0.586423020902493
-0.126834127624297	-0.575892163912265
-0.124517815219115	-0.553631796075875
-0.122071640857505	-0.556723581428425
-0.117091379535864	-0.483429834930318
-0.115852611827897	-0.466097150747552
-0.0827374865364465	-0.232550207294848
-0.0761741306111041	-0.196857142292879
-0.0739494215012391	-0.185676453125975
-0.0510889817582481	-0.0851089124899098
-0.0346385874627533	-0.0344899536556637
-0.0234495877435164	-0.0189545944114664
-0.00779244872136342	0.0128197564561438
-0.00376152784626260	0.00409076069892899
0.0173355918386564	-0.0236810190831306
0.0175600623487462	-0.0239145875436096
0.0225691905931864	-0.0275953788551885
0.0311306664733122	-0.0560214959440694
0.0314673064458493	-0.0594058864840020
0.0562159413728187	-0.148791683960463
0.0653729749291978	-0.195040027599165
0.0730065339881953	-0.220757722612704
0.0964921949678628	-0.409909981170964
0.0992184587911913	-0.431044976904240
0.104960910267283	-0.472081097982635
0.138384729281032	-0.816203814804349
0.140027469256036	-0.832617182699439
0.143614770634581	-0.889107041026221
0.147876336301165	-0.935624343588040
0.156054040984338	-1.00764209894072
0.159344165460686	-1.05176990954738
0.178179412427624	-1.31246527377264
0.198564818392162	-1.61549539697805
0.202512393745274	-1.67469252314692
0.203876547446693	-1.69580497455221
0.214550017230005	-1.86054510413797
0.217152566344443	-1.90604896196499
0.228291653795729	-2.10564311625109
0.236010136063206	-2.25799145978023
0.245865148964206	-2.43731259942896
0.252190459152645	-2.54376059632727
0.255992191216589	-2.59664585465426
0.265259505010764	-2.79668938423020
0.270877670908511	-2.90828774453010
0.275899565781441	-3.00951829875199
0.285939464089651	-3.20956639729032
0.291178983101270	-3.31715554891336
0.296449644947373	-3.42542425098884
0.314379174989873	-3.82084938118654
0.328594544600188	-4.13421153736169
0.337231277373218	-4.32897038103181
0.347119274595885	-4.55196541446343
0.355542198279999	-4.72994309412185
0.369579608073141	-5.08120899729674
0.377824113506480	-5.27065614244787
0.384658178934737	-5.42737274205160
0.401128858729782	-5.83747838575639
0.417775908577641	-6.20093736335058
0.428100732383311	-6.43797343563485
0.430993624317566	-6.53173153604326
0.436025884868684	-6.63925094288389
0.440404098636970	-6.71890058825982
0.440537762035277	-6.72908504078726
0.447621025259018	-6.92498915383525
0.463924975296450	-7.28697125264995
0.473922777288165	-7.51737887182640
0.489230331952069	-7.88531907105736
0.490444970640440	-7.89212130623819
0.492053938493592	-7.92787252073252
0.497092811363357	-8.04457667546651
0.505110637117069	-8.20966427572208
0.507019881638199	-8.24919058122846
0.533592973465771	-8.80176185519676
0.551608558831566	-9.13896386483894
0.555896871876523	-9.24285917409769
0.582798555857844	-9.74489488383507
0.586854389234289	-9.80609885910472
0.599069993922144	-10.0085410852788
0.604555503467164	-10.0731925797265
0.616548073949101	-10.2245058981740
0.619626684666949	-10.2696305921353
0.637705159308158	-10.5266081697116
0.649892608518455	-10.6961985270637
0.655616277505620	-10.7525164911084
0.660717106200411	-10.8004067283649
0.690131939439525	-10.9367817561249
0.697921685008466	-10.9044210080255
0.699698018230729	-10.9164995849989
0.709146124660647	-10.9188057114332
0.712515629168856	-10.9594265414773
0.736650791714582	-10.9113455568616
0.747283395125272	-10.8148926338496
0.751008641381996	-10.7772467462012
0.754524882361963	-10.7401973002195
0.777237009292629	-10.4815281353621
0.777282733143218	-10.4807036217558
0.777421267393870	-10.4967106812071
0.786904093556647	-10.2755418611791
0.805679740925784	-9.84947071912204
0.819952586583370	-9.45934041946775
0.826936107131928	-9.28117130601030
0.829756044306027	-9.19710989974874
0.851394212590144	-8.45474249219925
0.861563765484966	-8.10584306044793
0.863053632350020	-7.83887195301161
0.863340325277761	-7.88554122739377
0.868625420720189	-7.67957464567316
0.872104123537257	-7.61011220255555
0.875341430724274	-7.45565570123946
0.877775208241658	-7.29040222902659
0.880317778566420	-7.15530717231665
0.882152320337677	-7.10028611047342
0.899741194798461	-6.16078507779194
0.933596183917282	-4.12426155329890
0.934583146831854	-4.05322457592316
0.955534011753039	-2.54527924643448
0.966512214827263	-1.59713248959479
0.981219943313655	-0.372240521834309
0.999077188363886	1.32444509552780
1.00322953691463	1.63578553964320
1.02584172327685	3.89855405533001
1.03549136547163	4.85236246240582
1.03580846015737	4.90326521169389
1.03698804489301	5.05076314748120
1.07078883411545	9.24938837164175
1.07972788614794	10.3763548115552
1.08592482299513	11.2517648245525
1.09409938077651	12.3477267837908
1.09987181133760	13.0056519080075
1.10088627653265	13.1580300189286
1.10488563592158	14.0123573395981
1.11919156428270	16.0472602164389
1.13024311589955	17.6957152585082
1.14698623771359	20.6230939569166
1.15346034861264	21.7474344019983
1.16863454452778	24.3326413711550
1.18215153017976	26.8696945372085
1.18824838529900	28.0483439356400
1.18956295466362	28.3038448988402
1.21431104272236	33.2532458475777
1.21769568052499	33.9699087120305
1.24022755569775	38.8878526640696
1.25245469754961	41.5566229222036
1.26537518483045	44.6137377598545
1.27325826076329	46.3224539879971
1.28739744871775	49.7664193280586
1.28740768850220	49.7689590893895
1.30678261079239	54.5496471028362
1.33110001111838	60.9876119214905
1.33111068898222	60.9903996246833
1.33408777923681	61.3573285508316
1.33711660833100	62.1780709766807
1.33712336213789	62.1799011016823
1.34631098283056	64.7658984018168
1.38461774782534	75.1501688588008
1.38669187842631	75.9012718394937
1.39060853150532	76.9881965488130
1.39113815723775	76.9554899232094
1.39707173684471	78.6483298198867
1.40226441412573	79.9968536095591
1.41738774819707	84.2546852206598
1.44748349921177	92.8357387483479
1.44885106795023	93.2842427232202
1.45134760405235	93.8458088020127
1.45632045786195	95.3190585421662
1.45841076503098	95.9201842796865
1.46309264436576	97.3292446752822
1.50339670338547	108.807209227299
1.50957868831098	110.636062156276
1.51964462202784	113.550509163488
1.52024745317494	113.723427259967
1.52693565490175	115.671995320124
1.53338048916310	117.456850114855
1.54751667129569	121.496532033917
1.54919787234351	121.982948998014
1.56496468994035	126.515872147603
1.58709781714459	132.843892934058
1.59497885833029	135.083261630142
1.59577440591859	135.311841276142
1.60426539102304	137.652157990073
1.63337540581785	145.562664089677
1.65334808661725	151.136836702697
1.65523879901803	151.598169670656
1.65556372965576	151.661435348405
1.65638639970055	151.774137908172
1.67023837669778	155.592848480016
1.71222064997778	165.723652675879
1.71715049645596	166.972710603244
1.71864826623872	167.306234794537
1.73100183800581	170.071552548954
1.73246485999304	170.244448998798
1.73416009472621	170.751428523843
1.73581995277724	171.043200355379
1.74370805776866	172.765894924481
1.75590185310025	175.393698889624
1.77570857271295	179.281615048323
1.77668890803339	179.412420947979
1.77869995106690	179.794474220283
1.78568883247544	181.026747000687
1.78903851150693	181.744169686650
1.79398935710127	182.562210896945
1.79963764581585	183.545943355879
1.81487295962562	186.117589362723
1.82581394890231	187.702392357176
1.83114713955270	188.520855414035
1.84304168011339	190.384606583551
1.84738683295008	190.937067053792
1.84939241752067	191.162798127368
1.86215992855305	192.570005593783
1.86974715289282	193.352202236933
1.87770928188169	194.206882491866
1.88677043685525	195.155872219712
1.91596804855496	197.653307235793
1.92493536609789	198.112341028851
1.92884495219155	198.462393088727
1.93382556475537	198.052056882460
1.93632067024406	198.136602841237
1.94661917363836	199.145901763671
1.94845886458496	199.393451157573
1.98757377824472	200.171572490812
2.02261134563466	199.766528181522
2.02402832428257	199.553150012714
2.02990048483247	199.361045166821
2.03181051655743	199.277203301613
2.03763752577462	199.285101279057
2.05772314734159	197.964826400536
2.08068835302946	196.594683961076
2.08369247457291	196.330149410165
2.11202025439111	193.609295378169
2.12118371029717	192.650275537675
2.14149106370088	190.179047974693
2.15293394979468	188.469672101158
2.17550566042801	185.032714550987
2.17646162900813	184.751767960529
2.18593596212858	183.223961943457
2.20383578139501	179.952843839325
2.20773335268328	179.340784112377
2.21696186636104	177.433423813527
2.21805546134436	177.327359914632
2.22000303817253	176.924672527708
2.23175522051706	174.472525424840
2.24894938853818	170.798006811448
2.25334207929027	169.857411270931
2.28260844264315	163.194925204544
2.28865974555646	161.513234217092
2.28868758029356	161.506694519615
2.28932967798292	161.314211026253
2.29010495945898	161.120054699254
2.29013824859906	161.111717988827
2.29775381090144	159.186736529891
2.33984353214036	148.258516392454
2.34459818321768	147.305779312944
2.36015849164382	142.783234727035
2.36556455623261	141.316257984866
2.36789678595502	140.683389711840
2.38370047966602	136.218505943129
2.40907319708626	129.309707824533
2.41508370915454	127.514037267807
2.41711929442991	126.917510300734
2.44130346281452	119.609188970802
2.44140435240315	120.048071354565
2.44142273832029	120.063435512872
2.44149768585312	120.041078914009
2.46898874281455	111.922323748118
2.48434117496561	107.129590548777
2.48635603044338	106.693130245424
2.48773459085324	106.350199550871
2.50423235770580	101.624442757964
2.50491728488986	101.462042452698
2.50583691974468	101.190319673389
2.51832243460821	97.5475977288163
2.54341187665991	90.3188563320273
2.54371124343681	90.2362288478597
2.57467969170901	81.4819380731580
2.58359789456857	78.9236473976955
2.58406094582355	78.7654032151813
2.59249106841111	76.4122159920009
2.60407154933795	73.1654186672952
2.62159898179059	68.3839814945226
2.62454195672365	67.5934512788025
2.62925286766704	66.3475957146793
2.63541644658391	64.7337611189993
2.64137391808204	63.1351160934706
2.64515612890819	62.1201867690725
2.67086908714795	55.4562692654136
2.67212296673315	55.1271304705030
2.68927573496277	50.8569789136802
2.71074189168315	45.6052492620322
2.71482238345093	44.7544492952518
2.72075011599700	43.3309921306856
2.73020497118307	40.9676638573308
2.73512557833800	39.8392085674533
2.73994403395023	38.6938942663704
2.75363930254191	35.7731573081936
2.77675032719072	30.8380135284580
2.79480047982551	27.2829101377214
2.80038523234184	26.0914131037241
2.81254919071833	23.8901130136072
2.83651948286792	19.5522318210046
2.84537662671781	18.0628902896334
2.84938961628663	17.4099876230038
2.86059493821940	15.5876296012008
2.87112080731702	13.9936876484847
2.88365240120014	12.0960169631063
2.88896188934528	11.3795740747381
2.89615323951127	10.3109355615415
2.90540368468860	8.99855604549394
2.91877592031930	7.29199987261387
2.92451413248351	6.58953907536573
2.92897933370832	6.01760842859070
2.94510778551485	4.07369182401709
2.95840122555839	2.59041293308832
2.96298050064401	2.12193454469734
2.97266389842200	1.13128373198803
2.98479816011741	-0.0866489668591406
3.01330129683561	-2.69224011054605
3.01754420919428	-3.01505014809485
3.02473734925204	-3.62492511321852
3.03812403316035	-4.66195015567241
3.04975730994734	-5.43551206068207
3.07298722378081	-6.97525998866291
3.07889036117853	-7.34206671190524
3.08874164942197	-7.91386511132640
3.10249370762495	-8.54985475473937
3.11347608243945	-9.11696483486284
3.12008071998161	-9.39683267550566
3.12249219445037	-9.48471990186061
3.12661464537448	-9.68010645081519
3.13053015203291	-9.83734465847395
3.14324083359991	-10.3477779081308
3.14495570847014	-10.3261859544502
3.15146826709828	-10.5678004204330
3.15302306195390	-10.7404049501263
3.15476385083217	-10.7852313793323
3.16125009592931	-10.9121998366020
3.17823333943854	-11.4575658022547
3.20020498729362	-11.9106021088574
3.22614033775158	-12.2603625222658
3.22773503141654	-12.2779917927530
3.23513078384213	-12.3819879336700
3.23719759675979	-12.3973371896599
3.25376037739405	-12.5123567635432
3.26645461040996	-12.5985306128409
3.27229952112235	-12.6285149168064
3.28167853306631	-12.6101691094840
3.29770617748608	-12.5328990702886
3.29799227647794	-12.5315197733853
3.32517897249942	-12.4152103834340
3.32616168259414	-12.4053004766668
3.34523933806835	-12.2143094873126
3.36279571329297	-12.0128554723634
3.37278471192685	-11.8807536802066
3.37984710237213	-11.7711568491850
3.40405464223292	-11.3808407588064
3.41262752698745	-11.2416439637498
3.41711829027437	-11.1721261003355
3.43488266129035	-10.8381131077680
3.44867102834711	-10.5643613214637
3.47000765353467	-10.1076901768071
3.47685120897685	-9.96246933246398
3.47742874615473	-9.95510596529656
3.47965998534326	-9.90587187917399
3.48047350618276	-9.88792088795775
3.48089891917132	-9.89982786165317
3.48200320567792	-9.84894483598106
3.48568340516040	-9.77246158774262
3.50067492903812	-9.42866680834524
3.52915221213171	-8.80157176078492
3.54914627958907	-8.32516606279644
3.55233260473137	-8.24240009808472
3.56362060595066	-7.95223959422408
3.57082977454880	-7.77503990239578
3.57833365634611	-7.59661080659674
3.58395537684757	-7.46351611451413
3.58660005477293	-7.40942362785965
3.60355586778169	-6.98132133743998
3.60521234320460	-6.94466508125119
3.60773293465426	-6.88373123151035
3.60982955516848	-6.83294971057208
3.61123113316477	-6.79928242745974
3.62815801302419	-6.38443459754371
3.63728198107336	-6.16531535798051
3.64273208719899	-6.03180712444158
3.65217642997812	-5.79962657649075
3.65571050703157	-5.72184371716022
3.66861553427848	-5.39591279033636
3.66988598874921	-5.37642494864417
3.67095496458819	-5.36451829544532
3.67167189116734	-5.34732921655279
3.68795333832255	-4.95517537387679
3.70015239027805	-4.67796134549965
3.70581394925364	-4.55049824495297
3.71033186412924	-4.44878289754912
3.71110557836603	-4.42532977764967
3.71195610204918	-4.40965089467885
3.72389007009204	-4.14707222700218
3.75155888241151	-3.55877042433211
3.75646866911016	-3.45163774792861
3.80541173381281	-2.42867543885406
3.80583970698957	-2.43942858844577
3.80589705666152	-2.45968489361405
3.80593132479765	-2.45942743513279
3.80595735519589	-2.47481836444326
3.80601772799481	-2.47365444232152
3.80606307798944	-2.48249335186546
3.80612877717075	-2.48677502478090
3.80621388832928	-2.45124378317336
3.80637069374170	-2.44407562089861
3.85267021566429	-1.66518970654230
3.86710748677603	-1.44100597278025
3.88089221253989	-1.22747831937466
3.88486694092433	-1.17022268096950
3.89383859735003	-1.04507993174995
3.89531108528715	-1.02554564897824
3.89613101264318	-1.01449681428273
3.89743421395974	-0.992031910784785
3.92363951149749	-0.644991408309099
3.93837160776386	-0.463465135720965
3.94589343131857	-0.371291664583297
3.95368340946894	-0.292584258863834
3.96474076282057	-0.168748603962689
3.96623178688790	-0.147314135658696
3.96816068542590	-0.125304231079445
3.96929021558967	-0.110208479383204
3.97424112574351	-0.0598611258969934
3.98174353988109	0.0118263258465072
3.99525525699957	0.139278023801266
4.01406791534952	0.320567168528261
4.01723689145481	0.347711954853272
4.03679961776735	0.513091088595554
4.05741430299248	0.670534239929789
4.07605820823769	0.806800691700203
4.08937245672509	0.896494973529721
4.09850852966485	0.954061365773165
4.11008193146768	1.01026864204265
4.11399163775833	1.03117094088407
4.14224662169959	1.17472905195197
4.15521523200644	1.23196339180640
4.16016602905716	1.25223961189938
4.16615380417787	1.27657559937898
4.16945225982177	1.29007911847090
4.18688571246189	1.34777971100702
4.19269739565690	1.36190536221232
4.19804545085605	1.38001458850305
4.21000288826673	1.41843347661271
4.21077423090877	1.42048469149914
4.21846559749615	1.43513682604631
4.22344375934260	1.45283473177161
4.24654338165049	1.50638407749112
4.25188037263649	1.51497962158085
4.26116349741443	1.53176593810210
4.27895859462097	1.55833008866288
4.28533399088195	1.57027664944453
4.28866280962915	1.56875506356994
4.29593209509729	1.57855015712780
4.30640663436115	1.58568473974156
4.30866810029660	1.58722510492023
4.32988453991173	1.59858814239226
4.34708670228901	1.60210283825446
4.34875405384348	1.60274898809181
4.35423233046595	1.60487198821079
4.37618816103583	1.60486311634393
4.38449722907141	1.60377595355779
4.39664864291544	1.59952508200077
4.39783703878345	1.59900347196352
4.41632903416412	1.58922240927693
4.43003864989656	1.58045448051112
4.43117350963573	1.57987362039994
4.43455168362416	1.57570723258717
4.43560731389021	1.57501715435019
4.43958697925386	1.57241559910282
4.44269239004243	1.56989884069749
4.45820740470024	1.55759836859193
4.46202017619472	1.55420600181852
4.46387539487988	1.55202413570873
4.48942013565345	1.52455113183114
4.49862631965214	1.51475043098448
4.50564743738503	1.50727590358866
4.52423087307671	1.48318084135447
4.54049429870252	1.46389107310358
4.54282692356909	1.45824234330575
4.54623345414506	1.45358834248328
4.55289220694742	1.44369562611650
4.55555555275974	1.43961837962346
4.57288584992761	1.41597180929822
4.57870244685259	1.40606020580463
4.58701684441385	1.39354368415762
4.60172793614274	1.37159900118053
4.61842288355141	1.34439794177136
4.62277058098770	1.33762419063045
4.63438795766159	1.31952421480365
4.64285791215186	1.30531723683328
4.64919336244391	1.29421975197252
4.68798281825756	1.23174785611321
4.69474458498421	1.22034186158996
4.70245438830314	1.20783760515329
4.71744995862414	1.18319957141420
4.73817069740058	1.14974644247696
4.75035149534177	1.13072845017759
4.75936366585401	1.11647386753965
4.77418935089830	1.09247293329339
4.78004941463258	1.08366938431151
4.78769224695059	1.07248379181491
4.80751287607180	1.04425130836677
4.80875045909696	1.04231997768295
4.82318639625547	1.02172854468242
4.82826529441484	1.01455184677840
4.85198229008224	0.982226296071437
4.85690786048346	0.975527822432295
4.86389186465435	0.966726864503200
4.86657252816973	0.963278339841532
4.86813484555764	0.961277270664950
4.87459875759337	0.953062506035285
4.88552478556841	0.940143524754145
4.88921641399554	0.935611925195000
4.89304638556146	0.929945206921603
4.91403884712437	0.904880676384604
4.93333410100009	0.883171328952026
4.94238622539436	0.873086623333171
4.94996800272592	0.864432050453285
4.95309451503010	0.861109205002866
4.95500534292775	0.859520340467444
4.96116099576310	0.852961346782274
4.96611652154813	0.848022936968340
4.97154444049001	0.842601911242998
4.99226339242605	0.821427012974506
4.99683019682167	0.817099188132912
5.00623524326163	0.808075909562459
5.03786394741685	0.779704638492771
5.04485681165705	0.773531903858703
5.04726824987914	0.771373496970096
5.05546316726195	0.763799368462330
5.05936594524841	0.760618481279044
5.06196493037816	0.758808058725479
5.06748922335273	0.754221461981586
5.08457844874258	0.740009002318283
5.10708620132505	0.722646777557796
5.13352175535361	0.703169103322623
5.13651821393663	0.701197709728353
5.14065003077790	0.698195870158729
5.15130011536404	0.690340778984516
5.15357781615658	0.688578229930104
5.20737116643434	0.653132262164040
5.26029591211716	0.620314617455133
5.26113291152668	0.619634093924684
5.27530910193662	0.611396261904822
5.28712856481416	0.604324474058660
5.28743899373625	0.604373850056276
5.29980791427165	0.597368516776445
5.31145418307987	0.590500781803454
5.32176900977888	0.584861760044431
5.33232247849044	0.578769441265844
5.33913231663965	0.575017675186226
5.35426506620125	0.566680540697490
5.38121625311232	0.552048915252277
5.38801329559814	0.548340016426915
5.39288818335533	0.545669257663028
5.40280602192419	0.540260759243051
5.42703086772158	0.527384647543717
5.44288530217861	0.518991710259633
5.44492870574296	0.517938922830791
5.44986140845517	0.515359610184790
5.45271534475641	0.513929608974006
5.46569594318416	0.507174226468021
5.48048144703245	0.499320553626584
5.48901098901099	0.494908961608783