Wavevector:

[0.3,
 0.3090909090909091,
 0.3181818181818182,
 0.32727272727272727,
 0.33636363636363636,
 0.34545454545454546,
 0.35454545454545455,
 0.36363636363636365,
 0.37272727272727274,
 0.38181818181818183,
 0.39090909090909093,
 0.4,
 0.40909090909090906,
 0.4181818181818182,
 0.42727272727272725,
 0.4363636363636364,
 0.44545454545454544,
 0.4545454545454546,
 0.4636363636363636,
 0.4727272727272728,
 0.4818181818181818,
 0.49090909090909096,
 0.5]



First Band:

[0.20935703, 0.21402982, 0.21849968, 0.22281917, 0.2270247 ,
       0.23114044, 0.23518273, 0.23916297, 0.2430893 , 0.24696762,
       0.25080204, 0.25459521, 0.25834833, 0.262061  , 0.26573079,
       0.2693523 , 0.27291544, 0.27640174, 0.27977645, 0.28296993,
       0.28583087, 0.28801701, 0.28889275]

Second Band:

[0.21286477, 0.21878545, 0.22466162, 0.230476  , 0.23620707,
       0.24183043, 0.2473221 , 0.25266269, 0.25783979, 0.26284683,
       0.26767939, 0.27233152, 0.276793  , 0.28104774, 0.28507248,
       0.28883574, 0.29229655, 0.29540352, 0.29809482, 0.30030014,
       0.30194608, 0.30296581, 0.30262382]