f(Hz), Y
4.6e+14, 1.24332
4.6002e+14, 1.25538
4.6004e+14, 1.26857
4.6006e+14, 1.28361
4.6008e+14, 1.29981
4.601e+14, 1.31568
4.6012e+14, 1.33048
4.6014e+14, 1.34496
4.6016e+14, 1.3606
4.6018e+14, 1.37818
4.602e+14, 1.39699
4.6022e+14, 1.41553
4.6024e+14, 1.43304
4.6026e+14, 1.45025
4.6028e+14, 1.46866
4.603e+14, 1.48908
4.6032e+14, 1.5108
4.6034e+14, 1.53231
4.6036e+14, 1.55281
4.6038e+14, 1.57301
4.604e+14, 1.59444
4.6042e+14, 1.61792
4.6044e+14, 1.64275
4.6046e+14, 1.6674
4.6048e+14, 1.69103
4.60501e+14, 1.71433
4.60521e+14, 1.73884
4.60541e+14, 1.7654
4.60561e+14, 1.79331
4.60581e+14, 1.82101
4.60601e+14, 1.84761
4.60621e+14, 1.87378
4.60641e+14, 1.90107
4.60661e+14, 1.93032
4.60681e+14, 1.96084
4.60701e+14, 1.991
4.60721e+14, 2.01988
4.60741e+14, 2.04813
4.60761e+14, 2.07726
4.60781e+14, 2.10816
4.60801e+14, 2.14007
4.60821e+14, 2.17136
4.60841e+14, 2.20103
4.60861e+14, 2.22969
4.60881e+14, 2.25885
4.60901e+14, 2.28938
4.60921e+14, 2.32053
4.60941e+14, 2.3506
4.60961e+14, 2.37853
4.60981e+14, 2.40489
4.61001e+14, 2.43121
4.61021e+14, 2.45834
4.61041e+14, 2.48552
4.61061e+14, 2.51103
4.61081e+14, 2.53376
4.61101e+14, 2.55425
4.61121e+14, 2.57404
4.61141e+14, 2.59403
4.61161e+14, 2.61348
4.61181e+14, 2.63064
4.61201e+14, 2.6444
4.61221e+14, 2.65532
4.61241e+14, 2.66498
4.61261e+14, 2.67436
4.61281e+14, 2.68277
4.61301e+14, 2.68849
4.61321e+14, 2.69044
4.61341e+14, 2.68921
4.61361e+14, 2.68649
4.61381e+14, 2.68334
4.61401e+14, 2.67917
4.61421e+14, 2.67231
4.61441e+14, 2.6617
4.61461e+14, 2.64802
4.61481e+14, 2.63302
4.61502e+14, 2.61789
4.61522e+14, 2.6021
4.61542e+14, 2.58402
4.61562e+14, 2.56261
4.61582e+14, 2.53859
4.61602e+14, 2.51378
4.61622e+14, 2.48943
4.61642e+14, 2.46506
4.61662e+14, 2.43904
4.61682e+14, 2.41032
4.61702e+14, 2.3796
4.61722e+14, 2.34874
4.61742e+14, 2.31901
4.61762e+14, 2.28995
4.61782e+14, 2.25989
4.61802e+14, 2.22773
4.61822e+14, 2.19414
4.61842e+14, 2.16097
4.61862e+14, 2.12951
4.61882e+14, 2.09927
4.61902e+14, 2.06855
4.61922e+14, 2.03617
4.61942e+14, 2.00275
4.61962e+14, 1.97014
4.61982e+14, 1.93963
4.62002e+14, 1.91073
4.62022e+14, 1.88166
4.62042e+14, 1.85119
4.62062e+14, 1.81989
4.62082e+14, 1.78961
4.62102e+14, 1.76165
4.62122e+14, 1.73551
4.62142e+14, 1.70937
4.62162e+14, 1.68193
4.62182e+14, 1.65373
4.62202e+14, 1.62661
4.62222e+14, 1.60192
4.62242e+14, 1.57914
4.62262e+14, 1.55642
4.62282e+14, 1.5324
4.62302e+14, 1.50759
4.62322e+14, 1.48386
4.62342e+14, 1.46258
4.62362e+14, 1.44323
4.62382e+14, 1.42394
4.62402e+14, 1.40329
4.62422e+14, 1.38179
4.62442e+14, 1.3613
4.62462e+14, 1.34324
4.62482e+14, 1.32711
4.62503e+14, 1.311
4.62523e+14, 1.29347
4.62543e+14, 1.27497
4.62563e+14, 1.25741
4.62583e+14, 1.24225
4.62603e+14, 1.22901
4.62623e+14, 1.21575
4.62643e+14, 1.20097
4.62663e+14, 1.18512
4.62683e+14, 1.17014
4.62703e+14, 1.15752
4.62723e+14, 1.1468
4.62743e+14, 1.13602
4.62763e+14, 1.12363
4.62783e+14, 1.11008
4.62803e+14, 1.09731
4.62823e+14, 1.08688
4.62843e+14, 1.07834
4.62863e+14, 1.0697
4.62883e+14, 1.05939
4.62903e+14, 1.0478
4.62923e+14, 1.03693
4.62943e+14, 1.02837
4.62963e+14, 1.02171
4.62983e+14, 1.01493
4.63003e+14, 1.00639
4.63023e+14, 0.996494
4.63043e+14, 0.98725
4.63063e+14, 0.980304
4.63083e+14, 0.975268
4.63103e+14, 0.970093
4.63123e+14, 0.963101
4.63143e+14, 0.954658
4.63163e+14, 0.946815
4.63183e+14, 0.941266
4.63203e+14, 0.937647
4.63223e+14, 0.93388
4.63243e+14, 0.928238
4.63263e+14, 0.921064
4.63283e+14, 0.914441
4.63303e+14, 0.910116
4.63323e+14, 0.90775
4.63343e+14, 0.905236
4.63363e+14, 0.900793
4.63383e+14, 0.894743
4.63403e+14, 0.889199
4.63423e+14, 0.885966
4.63443e+14, 0.884726
4.63463e+14, 0.883346
4.63483e+14, 0.87999
4.63504e+14, 0.874955
4.63524e+14, 0.870387
4.63544e+14, 0.868146
4.63564e+14, 0.867944
4.63584e+14, 0.867615
4.63604e+14, 0.865265
4.63624e+14, 0.861169
4.63644e+14, 0.857505
4.63664e+14, 0.856192
4.63684e+14, 0.856969
4.63704e+14, 0.857638
4.63724e+14, 0.856248
4.63744e+14, 0.853046
4.63764e+14, 0.850245
4.63784e+14, 0.849825
4.63804e+14, 0.851553
4.63824e+14, 0.853199
4.63844e+14, 0.852751
4.63864e+14, 0.850429
4.63884e+14, 0.848479
4.63904e+14, 0.848947
4.63924e+14, 0.851629
4.63944e+14, 0.854262
4.63964e+14, 0.854769
4.63984e+14, 0.853342
4.64004e+14, 0.852265
4.64024e+14, 0.853648
4.64044e+14, 0.857318
4.64064e+14, 0.860978
4.64084e+14, 0.862487
4.64104e+14, 0.862005
4.64124e+14, 0.861854
4.64144e+14, 0.864213
4.64164e+14, 0.868943
4.64184e+14, 0.873708
4.64204e+14, 0.876301
4.64224e+14, 0.876852
4.64244e+14, 0.87772
4.64264e+14, 0.881158
4.64284e+14, 0.887059
4.64304e+14, 0.893052
4.64324e+14, 0.896858
4.64344e+14, 0.898575
4.64364e+14, 0.900603
4.64384e+14, 0.90527
4.64404e+14, 0.912506
4.64424e+14, 0.919902
4.64444e+14, 0.925105
4.64464e+14, 0.92818
4.64484e+14, 0.931571
4.64505e+14, 0.937682
4.64525e+14, 0.946483
4.64545e+14, 0.955526
4.64565e+14, 0.962383
4.64585e+14, 0.967084
4.64605e+14, 0.972117
4.64625e+14, 0.979971
4.64645e+14, 0.990655
4.64665e+14, 1.00168
4.64685e+14, 1.01055
4.64705e+14, 1.01724
4.64725e+14, 1.0243
4.64745e+14, 1.03431
4.64765e+14, 1.04731
4.64785e+14, 1.06078
4.64805e+14, 1.07213
4.64825e+14, 1.08133
4.64845e+14, 1.09095
4.64865e+14, 1.10366
4.64885e+14, 1.11958
4.64905e+14, 1.13612
4.64925e+14, 1.15063
4.64945e+14, 1.16301
4.64965e+14, 1.17592
4.64985e+14, 1.19212
4.65005e+14, 1.21177
4.65025e+14, 1.23225
4.65045e+14, 1.25081
4.65065e+14, 1.26734
4.65085e+14, 1.28453
4.65105e+14, 1.30527
4.65125e+14, 1.32977
4.65145e+14, 1.35536
4.65165e+14, 1.37922
4.65185e+14, 1.4012
4.65205e+14, 1.42405
4.65225e+14, 1.45077
4.65245e+14, 1.48163
4.65265e+14, 1.51394
4.65285e+14, 1.54478
4.65305e+14, 1.57395
4.65325e+14, 1.6043
4.65345e+14, 1.63892
4.65365e+14, 1.67817
4.65385e+14, 1.71931
4.65405e+14, 1.75931
4.65425e+14, 1.79796
4.65445e+14, 1.83814
4.65465e+14, 1.88311
4.65485e+14, 1.93326
4.65506e+14, 1.98581
4.65526e+14, 2.03762
4.65546e+14, 2.0884
4.65566e+14, 2.14112
4.65586e+14, 2.19911
4.65606e+14, 2.26282
4.65626e+14, 2.32937
4.65646e+14, 2.39547
4.65666e+14, 2.46072
4.65686e+14, 2.52806
4.65706e+14, 2.6009
4.65726e+14, 2.67963
4.65746e+14, 2.7612
4.65766e+14, 2.84203
4.65786e+14, 2.92148
4.65806e+14, 3.00237
4.65826e+14, 3.08801
4.65846e+14, 3.1786
4.65866e+14, 3.27072
4.65886e+14, 3.36031
4.65906e+14, 3.44633
4.65926e+14, 3.5313
4.65946e+14, 3.61822
4.65966e+14, 3.70698
4.65986e+14, 3.79366
4.66006e+14, 3.87365
4.66026e+14, 3.94545
4.66046e+14, 4.01133
4.66066e+14, 4.07418
4.66086e+14, 4.13379
4.66106e+14, 4.18609
4.66126e+14, 4.22639
4.66146e+14, 4.2533
4.66166e+14, 4.26951
4.66186e+14, 4.27863
4.66206e+14, 4.28114
4.66226e+14, 4.27368
4.66246e+14, 4.25228
4.66266e+14, 4.21646
4.66286e+14, 4.16999
4.66306e+14, 4.11766
4.66326e+14, 4.06101
4.66346e+14, 3.9975
4.66366e+14, 3.92376
4.66386e+14, 3.83985
4.66406e+14, 3.75018
4.66426e+14, 3.66003
4.66446e+14, 3.57126
4.66466e+14, 3.48126
4.66486e+14, 3.38637
4.66507e+14, 3.28636
4.66527e+14, 3.18544
4.66547e+14, 3.08873
4.66567e+14, 2.99778
4.66587e+14, 2.90942
4.66607e+14, 2.81935
4.66627e+14, 2.72677
4.66647e+14, 2.63556
4.66667e+14, 2.55067
4.66687e+14, 2.47336
4.66707e+14, 2.40001
4.66727e+14, 2.32579
4.66747e+14, 2.2495
4.66767e+14, 2.17492
4.66787e+14, 2.10701
4.66807e+14, 2.047
4.66827e+14, 1.99099
4.66847e+14, 1.93377
4.66867e+14, 1.87395
4.66887e+14, 1.81533
4.66907e+14, 1.7631
4.66927e+14, 1.71855
4.66947e+14, 1.67763
4.66967e+14, 1.63483
4.66987e+14, 1.58861
4.67007e+14, 1.54291
4.67027e+14, 1.5032
4.67047e+14, 1.47092
4.67067e+14, 1.44189
4.67087e+14, 1.41031
4.67107e+14, 1.3745
4.67127e+14, 1.33857
4.67147e+14, 1.30833
4.67167e+14, 1.2854
4.67187e+14, 1.26544
4.67207e+14, 1.24234
4.67227e+14, 1.21429
4.67247e+14, 1.18558
4.67267e+14, 1.16238
4.67287e+14, 1.14651
4.67307e+14, 1.13347
4.67327e+14, 1.11679
4.67347e+14, 1.09449
4.67367e+14, 1.07108
4.67387e+14, 1.05314
4.67407e+14, 1.04268
4.67427e+14, 1.03501
4.67447e+14, 1.02327
4.67467e+14, 1.00529
4.67487e+14, 0.98581
4.67508e+14, 0.971847
4.67528e+14, 0.965643
4.67548e+14, 0.962282
4.67568e+14, 0.954465
4.67588e+14, 0.939787
4.67608e+14, 0.923254
4.67628e+14, 0.912379
4.67648e+14, 0.909657
4.67668e+14, 0.909916
4.67688e+14, 0.905338
4.67708e+14, 0.893271
4.67728e+14, 0.879007
4.67748e+14, 0.870626
4.67768e+14, 0.870904
4.67788e+14, 0.874373
4.67808e+14, 0.872625
4.67828e+14, 0.862715
4.67848e+14, 0.850268
4.67868e+14, 0.844014
4.67888e+14, 0.847049
4.67908e+14, 0.85356
4.67928e+14, 0.854451
4.67948e+14, 0.846445
4.67968e+14, 0.835551
4.67988e+14, 0.831253
4.68008e+14, 0.83702
4.68028e+14, 0.846631
4.68048e+14, 0.850184
4.68068e+14, 0.844012
4.68088e+14, 0.834584
4.68108e+14, 0.832272
4.68128e+14, 0.840979
4.68148e+14, 0.853998
4.68168e+14, 0.860471
4.68188e+14, 0.856275
4.68208e+14, 0.848429
4.68228e+14, 0.848371
4.68248e+14, 0.860525
4.68268e+14, 0.877589
4.68288e+14, 0.887556
4.68308e+14, 0.885758
4.68328e+14, 0.879896
4.68348e+14, 0.882712
4.68368e+14, 0.899257
4.68388e+14, 0.921502
4.68408e+14, 0.936024
4.68428e+14, 0.937498
4.68448e+14, 0.934495
4.68468e+14, 0.941389
4.68488e+14, 0.964015
4.68509e+14, 0.993419
4.68529e+14, 1.01441
4.68549e+14, 1.02085
4.68569e+14, 1.02247
4.68589e+14, 1.03575
4.68609e+14, 1.06753
4.68629e+14, 1.10767
4.68649e+14, 1.13869
4.68669e+14, 1.15348
4.68689e+14, 1.16334
4.68709e+14, 1.18762
4.68729e+14, 1.23454
4.68749e+14, 1.29235
4.68769e+14, 1.34056
4.68789e+14, 1.37087
4.68809e+14, 1.39696
4.68829e+14, 1.44232
4.68849e+14, 1.51719
4.68869e+14, 1.60766
4.68889e+14, 1.68916
4.68909e+14, 1.7521
4.68929e+14, 1.81424
4.68949e+14, 1.9057
4.68969e+14, 2.04021
4.68989e+14, 2.20113
4.69009e+14, 2.3585
4.69029e+14, 2.50231
4.69049e+14, 2.65887
4.69069e+14, 2.87148
4.69089e+14, 3.162
4.69109e+14, 3.51211
4.69129e+14, 3.88732
4.69149e+14, 4.28453
4.69169e+14, 4.75648
4.69189e+14, 5.38402
4.69209e+14, 6.21898
4.69229e+14, 7.25704
4.69249e+14, 8.47931
4.69269e+14, 9.93289
4.69289e+14, 11.7636
4.69309e+14, 14.1303
4.69329e+14, 17.0239
4.69349e+14, 20.1113
4.69369e+14, 22.7483
4.69389e+14, 24.2048
4.69409e+14, 23.9988
4.69429e+14, 22.1424
4.69449e+14, 19.1423
4.69469e+14, 15.7545
4.69489e+14, 12.6439
4.6951e+14, 10.1509
4.6953e+14, 8.27507
4.6955e+14, 6.83372
4.6957e+14, 5.65414
4.6959e+14, 4.66946
4.6961e+14, 3.89024
4.6963e+14, 3.32074
4.6965e+14, 2.91041
4.6967e+14, 2.57648
4.6969e+14, 2.26156
4.6971e+14, 1.96506
4.6973e+14, 1.72151
4.6975e+14, 1.55229
4.6977e+14, 1.43835
4.6979e+14, 1.3365
4.6981e+14, 1.21818
4.6983e+14, 1.09137
4.6985e+14, 0.986335
4.6987e+14, 0.922015
4.6989e+14, 0.886839
4.6991e+14, 0.850771
4.6993e+14, 0.794393
4.6995e+14, 0.725709
4.6997e+14, 0.669474
4.6999e+14, 0.641335
4.7001e+14, 0.632709
4.7003e+14, 0.620173
4.7005e+14, 0.588657
4.7007e+14, 0.545139
4.7009e+14, 0.510216
4.7011e+14, 0.497031
4.7013e+14, 0.498706
4.7015e+14, 0.495923
4.7017e+14, 0.476203
4.7019e+14, 0.445521
4.7021e+14, 0.421409
4.7023e+14, 0.415186
4.7025e+14, 0.421128
4.7027e+14, 0.422768
4.7029e+14, 0.409367
4.7031e+14, 0.386059
4.7033e+14, 0.368069
4.7035e+14, 0.365352
4.7037e+14, 0.373044
4.7039e+14, 0.376783
4.7041e+14, 0.367095
4.7043e+14, 0.348423
4.7045e+14, 0.334202
4.7047e+14, 0.333342
4.7049e+14, 0.341646
4.70511e+14, 0.346384
4.70531e+14, 0.339043
4.70551e+14, 0.323496
4.70571e+14, 0.311755
4.70591e+14, 0.311904
4.70611e+14, 0.320285
4.70631e+14, 0.325468
4.70651e+14, 0.3197
4.70671e+14, 0.306379
4.70691e+14, 0.296361
4.70711e+14, 0.297057
4.70731e+14, 0.305259
4.70751e+14, 0.310599
4.70771e+14, 0.305938
4.70791e+14, 0.294276
4.70811e+14, 0.285507
4.70831e+14, 0.286491
4.70851e+14, 0.294394
4.70871e+14, 0.299736
4.70891e+14, 0.295887
4.70911e+14, 0.285507
4.70931e+14, 0.277676
4.70951e+14, 0.278796
4.70971e+14, 0.286351
4.70991e+14, 0.291613
4.71011e+14, 0.288381
4.71031e+14, 0.27902
4.71051e+14, 0.271918
4.71071e+14, 0.273083
4.71091e+14, 0.280277
4.71111e+14, 0.285416
4.71131e+14, 0.282666
4.71151e+14, 0.274136
4.71171e+14, 0.267615
4.71191e+14, 0.268771
4.71211e+14, 0.275608
4.71231e+14, 0.280604
4.71251e+14, 0.278241
4.71271e+14, 0.270402
4.71291e+14, 0.264354
4.71311e+14, 0.265468
4.71331e+14, 0.271964
4.71351e+14, 0.276809
4.71371e+14, 0.274763
4.71391e+14, 0.267509
4.71411e+14, 0.261853
4.71431e+14, 0.262907
4.71451e+14, 0.269079
4.71471e+14, 0.273773
4.71491e+14, 0.271992
4.71512e+14, 0.265241
4.71532e+14, 0.259915
4.71552e+14, 0.260898
4.71572e+14, 0.266767
4.71592e+14, 0.271313
4.71612e+14, 0.269757
4.71632e+14, 0.263443
4.71652e+14, 0.258401
4.71672e+14, 0.259307
4.71692e+14, 0.264893
4.71712e+14, 0.269296
4.71732e+14, 0.267934
4.71752e+14, 0.262004
4.71772e+14, 0.257207
4.71792e+14, 0.258036
4.71812e+14, 0.263357
4.71832e+14, 0.267625
4.71852e+14, 0.266431
4.71872e+14, 0.260843
4.71892e+14, 0.256261
4.71912e+14, 0.257011
4.71932e+14, 0.262086
4.71952e+14, 0.266225
4.71972e+14, 0.265179
4.71992e+14, 0.259897
4.72012e+14, 0.255505
4.72032e+14, 0.256178
4.72052e+14, 0.261024
4.72072e+14, 0.265042
4.72092e+14, 0.264128
4.72112e+14, 0.259121
4.72132e+14, 0.254899
4.72152e+14, 0.255497
4.72172e+14, 0.260129
4.72192e+14, 0.264033
4.72212e+14, 0.263237
4.72232e+14, 0.25848
4.72252e+14, 0.25441
4.72272e+14, 0.254936
4.72292e+14, 0.259368
4.72312e+14, 0.263164
4.72332e+14, 0.262475
4.72352e+14, 0.257945
4.72372e+14, 0.254014
4.72392e+14, 0.254471
4.72412e+14, 0.258716
4.72432e+14, 0.262411
4.72452e+14, 0.261819
4.72472e+14, 0.257498
4.72492e+14, 0.253692
4.72513e+14, 0.254083
4.72533e+14, 0.258153
4.72553e+14, 0.261752
4.72573e+14, 0.261248
4.72593e+14, 0.25712
4.72613e+14, 0.253429
4.72633e+14, 0.253757
4.72653e+14, 0.257663
4.72673e+14, 0.261171
4.72693e+14, 0.260749
4.72713e+14, 0.256798
4.72733e+14, 0.253213
4.72753e+14, 0.253481
4.72773e+14, 0.257233
4.72793e+14, 0.260656
4.72813e+14, 0.260308
4.72833e+14, 0.256522
4.72853e+14, 0.253035
4.72873e+14, 0.253246
4.72893e+14, 0.256852
4.72913e+14, 0.260195
4.72933e+14, 0.259916
4.72953e+14, 0.256284
4.72973e+14, 0.252888
4.72993e+14, 0.253044
4.73013e+14, 0.256514
4.73033e+14, 0.25978
4.73053e+14, 0.259565
4.73073e+14, 0.256077
4.73093e+14, 0.252766
4.73113e+14, 0.25287
4.73133e+14, 0.25621
4.73153e+14, 0.259403
4.73173e+14, 0.259248
4.73193e+14, 0.255896
4.73213e+14, 0.252663
4.73233e+14, 0.252718
4.73253e+14, 0.255935
4.73273e+14, 0.25906
4.73293e+14, 0.258961
4.73313e+14, 0.255735
4.73333e+14, 0.252577
4.73353e+14, 0.252584
4.73373e+14, 0.255686
4.73393e+14, 0.258745
4.73413e+14, 0.258698
4.73433e+14, 0.255592
4.73453e+14, 0.252504
4.73473e+14, 0.252466
4.73493e+14, 0.255457
4.73514e+14, 0.258454
4.73534e+14, 0.258457
4.73554e+14, 0.255463
4.73574e+14, 0.252441
4.73594e+14, 0.25236
4.73614e+14, 0.255247
4.73634e+14, 0.258184
4.73654e+14, 0.258233
4.73674e+14, 0.255345
4.73694e+14, 0.252386
4.73714e+14, 0.252265
4.73734e+14, 0.255051
4.73754e+14, 0.257931
4.73774e+14, 0.258024
4.73794e+14, 0.255238
4.73814e+14, 0.252338
4.73834e+14, 0.252177
4.73854e+14, 0.254868
4.73874e+14, 0.257694
4.73894e+14, 0.257828
4.73914e+14, 0.255138
4.73934e+14, 0.252294
4.73954e+14, 0.252097
4.73974e+14, 0.254697
4.73994e+14, 0.25747
4.74014e+14, 0.257644
4.74034e+14, 0.255045
4.74054e+14, 0.252255
4.74074e+14, 0.252022
4.74094e+14, 0.254535
4.74114e+14, 0.257258
4.74134e+14, 0.257469
4.74154e+14, 0.254958
4.74174e+14, 0.252219
4.74194e+14, 0.251951
4.74214e+14, 0.254381
4.74234e+14, 0.257057
4.74254e+14, 0.257302
4.74274e+14, 0.254874
4.74294e+14, 0.252184
4.74314e+14, 0.251884
4.74334e+14, 0.254234
4.74354e+14, 0.256864
4.74374e+14, 0.257143
4.74394e+14, 0.254794
4.74414e+14, 0.252151
4.74434e+14, 0.25182
4.74454e+14, 0.254094
4.74474e+14, 0.256678
4.74494e+14, 0.256989
4.74515e+14, 0.254717
4.74535e+14, 0.252119
4.74555e+14, 0.251758
4.74575e+14, 0.253958
4.74595e+14, 0.2565
4.74615e+14, 0.256841
4.74635e+14, 0.254642
4.74655e+14, 0.252088
4.74675e+14, 0.251698
4.74695e+14, 0.253827
4.74715e+14, 0.256327
4.74735e+14, 0.256698
4.74755e+14, 0.254569
4.74775e+14, 0.252056
4.74795e+14, 0.251639
4.74815e+14, 0.2537
4.74835e+14, 0.25616
4.74855e+14, 0.256558
4.74875e+14, 0.254497
4.74895e+14, 0.252024
4.74915e+14, 0.25158
4.74935e+14, 0.253576
4.74955e+14, 0.255998
4.74975e+14, 0.256422
4.74995e+14, 0.254426
4.75015e+14, 0.251992
4.75035e+14, 0.251523
4.75055e+14, 0.253456
4.75075e+14, 0.255839
4.75095e+14, 0.256289
4.75115e+14, 0.254355
4.75135e+14, 0.251959
4.75155e+14, 0.251465
4.75175e+14, 0.253337
4.75195e+14, 0.255684
4.75215e+14, 0.256158
4.75235e+14, 0.254285
4.75255e+14, 0.251924
4.75275e+14, 0.251408
4.75295e+14, 0.25322
4.75315e+14, 0.255532
4.75335e+14, 0.256029
4.75355e+14, 0.254214
4.75375e+14, 0.251889
4.75395e+14, 0.25135
4.75415e+14, 0.253106
4.75435e+14, 0.255383
4.75455e+14, 0.255902
4.75475e+14, 0.254144
4.75495e+14, 0.251852
4.75516e+14, 0.251292
4.75536e+14, 0.252992
4.75556e+14, 0.255236
4.75576e+14, 0.255777
4.75596e+14, 0.254073
4.75616e+14, 0.251815
4.75636e+14, 0.251233
4.75656e+14, 0.25288
4.75676e+14, 0.255092
4.75696e+14, 0.255653
4.75716e+14, 0.254001
4.75736e+14, 0.251775
4.75756e+14, 0.251174
4.75776e+14, 0.252769
4.75796e+14, 0.254949
4.75816e+14, 0.25553
4.75836e+14, 0.253929
4.75856e+14, 0.251735
4.75876e+14, 0.251114
4.75896e+14, 0.252659
4.75916e+14, 0.254808
4.75936e+14, 0.255407
4.75956e+14, 0.253857
4.75976e+14, 0.251693
4.75996e+14, 0.251054
4.76016e+14, 0.25255
4.76036e+14, 0.254668
4.76056e+14, 0.255286
4.76076e+14, 0.253783
4.76096e+14, 0.251649
4.76116e+14, 0.250992
4.76136e+14, 0.252441
4.76156e+14, 0.25453
4.76176e+14, 0.255165
4.76196e+14, 0.253709
4.76216e+14, 0.251604
4.76236e+14, 0.25093
4.76256e+14, 0.252333
4.76276e+14, 0.254393
4.76296e+14, 0.255045
4.76316e+14, 0.253634
4.76336e+14, 0.251557
4.76356e+14, 0.250866
4.76376e+14, 0.252225
4.76396e+14, 0.254257
4.76416e+14, 0.254925
4.76436e+14, 0.253558
4.76456e+14, 0.251509
4.76476e+14, 0.250802
4.76496e+14, 0.252117
4.76517e+14, 0.254121
4.76537e+14, 0.254805
4.76557e+14, 0.253481
4.76577e+14, 0.251459
4.76597e+14, 0.250737
4.76617e+14, 0.25201
4.76637e+14, 0.253987
4.76657e+14, 0.254685
4.76677e+14, 0.253403
4.76697e+14, 0.251408
4.76717e+14, 0.250671
4.76737e+14, 0.251902
4.76757e+14, 0.253853
4.76777e+14, 0.254566
4.76797e+14, 0.253324
4.76817e+14, 0.251355
4.76837e+14, 0.250604
4.76857e+14, 0.251795
4.76877e+14, 0.253719
4.76897e+14, 0.254446
4.76917e+14, 0.253244
4.76937e+14, 0.251301
4.76957e+14, 0.250536
4.76977e+14, 0.251687
4.76997e+14, 0.253586
4.77017e+14, 0.254327
4.77037e+14, 0.253163
4.77057e+14, 0.251245
4.77077e+14, 0.250466
4.77097e+14, 0.25158
4.77117e+14, 0.253454
4.77137e+14, 0.254207
4.77157e+14, 0.25308
4.77177e+14, 0.251187
4.77197e+14, 0.250396
4.77217e+14, 0.251472
4.77237e+14, 0.253322
4.77257e+14, 0.254087
4.77277e+14, 0.252997
4.77297e+14, 0.251128
4.77317e+14, 0.250325
4.77337e+14, 0.251365
4.77357e+14, 0.25319
4.77377e+14, 0.253967
4.77397e+14, 0.252913
4.77417e+14, 0.251068
4.77437e+14, 0.250253
4.77457e+14, 0.251257
4.77477e+14, 0.253058
4.77497e+14, 0.253847
4.77518e+14, 0.252828
4.77538e+14, 0.251006
4.77558e+14, 0.250179
4.77578e+14, 0.251149
4.77598e+14, 0.252926
4.77618e+14, 0.253726
4.77638e+14, 0.252741
4.77658e+14, 0.250942
4.77678e+14, 0.250105
4.77698e+14, 0.25104
4.77718e+14, 0.252795
4.77738e+14, 0.253605
4.77758e+14, 0.252653
4.77778e+14, 0.250877
4.77798e+14, 0.250029
4.77818e+14, 0.250931
4.77838e+14, 0.252663
4.77858e+14, 0.253484
4.77878e+14, 0.252565
4.77898e+14, 0.250811
4.77918e+14, 0.249953
4.77938e+14, 0.250822
4.77958e+14, 0.252532
4.77978e+14, 0.253362
4.77998e+14, 0.252475
4.78018e+14, 0.250744
4.78038e+14, 0.249875
4.78058e+14, 0.250713
4.78078e+14, 0.2524
4.78098e+14, 0.25324
4.78118e+14, 0.252384
4.78138e+14, 0.250675
4.78158e+14, 0.249797
4.78178e+14, 0.250603
4.78198e+14, 0.252269
4.78218e+14, 0.253118
4.78238e+14, 0.252293
4.78258e+14, 0.250604
4.78278e+14, 0.249718
4.78298e+14, 0.250494
4.78318e+14, 0.252138
4.78338e+14, 0.252995
4.78358e+14, 0.2522
4.78378e+14, 0.250533
4.78398e+14, 0.249637
4.78418e+14, 0.250383
4.78438e+14, 0.252006
4.78458e+14, 0.252872
4.78478e+14, 0.252106
4.78498e+14, 0.25046
4.78519e+14, 0.249556
4.78539e+14, 0.250272
4.78559e+14, 0.251874
4.78579e+14, 0.252748
4.78599e+14, 0.252011
4.78619e+14, 0.250386
4.78639e+14, 0.249473
4.78659e+14, 0.250161
4.78679e+14, 0.251742
4.78699e+14, 0.252624
4.78719e+14, 0.251916
4.78739e+14, 0.25031
4.78759e+14, 0.24939
4.78779e+14, 0.25005
4.78799e+14, 0.251611
4.78819e+14, 0.2525
4.78839e+14, 0.251819
4.78859e+14, 0.250234
4.78879e+14, 0.249306
4.78899e+14, 0.249938
4.78919e+14, 0.251478
4.78939e+14, 0.252375
4.78959e+14, 0.251721
4.78979e+14, 0.250156
4.78999e+14, 0.249221
4.79019e+14, 0.249826
4.79039e+14, 0.251346
4.79059e+14, 0.252249
4.79079e+14, 0.251622
4.79099e+14, 0.250077
4.79119e+14, 0.249135
4.79139e+14, 0.249714
4.79159e+14, 0.251214
4.79179e+14, 0.252123
4.79199e+14, 0.251522
4.79219e+14, 0.249997
4.79239e+14, 0.249048
4.79259e+14, 0.249601
4.79279e+14, 0.251081
4.79299e+14, 0.251997
4.79319e+14, 0.251422
4.79339e+14, 0.249915
4.79359e+14, 0.24896
4.79379e+14, 0.249487
4.79399e+14, 0.250948
4.79419e+14, 0.25187
4.79439e+14, 0.25132
4.79459e+14, 0.249832
4.79479e+14, 0.248872
4.79499e+14, 0.249373
4.7952e+14, 0.250815
4.7954e+14, 0.251742
4.7956e+14, 0.251217
4.7958e+14, 0.249749
4.796e+14, 0.248782
4.7962e+14, 0.249259
4.7964e+14, 0.250682
4.7966e+14, 0.251615
4.7968e+14, 0.251114
4.797e+14, 0.249664
4.7972e+14, 0.248692
4.7974e+14, 0.249145
4.7976e+14, 0.250548
4.7978e+14, 0.251486
4.798e+14, 0.251009
4.7982e+14, 0.249578
4.7984e+14, 0.248601
4.7986e+14, 0.249029
4.7988e+14, 0.250414
4.799e+14, 0.251357
4.7992e+14, 0.250904
4.7994e+14, 0.249491
4.7996e+14, 0.248509
4.7998e+14, 0.248914
4.8e+14, 0.25028


