ks:

[0.4,
 0.40454545454545454,
 0.4090909090909091,
 0.41363636363636364,
 0.4181818181818182,
 0.42272727272727273,
 0.4272727272727273,
 0.4318181818181818,
 0.4363636363636364,
 0.4409090909090909,
 0.44545454545454544,
 0.45,
 0.4545454545454546,
 0.4590909090909091,
 0.4636363636363636,
 0.4681818181818182,
 0.4727272727272727,
 0.4772727272727273,
 0.4818181818181818,
 0.48636363636363633,
 0.4909090909090909,
 0.4954545454545455,
 0.5]

First band:

[0.27032051, 0.27230947, 0.27426624, 0.27619118, 0.27808401,
       0.27994389, 0.28176938, 0.28355838, 0.28530807, 0.28701475,
       0.28867374, 0.29027914, 0.29182364, 0.29329819, 0.29469174,
       0.29599089, 0.29717973, 0.29823983, 0.29915056, 0.29989015,
       0.30043736, 0.30077403, 0.30088776]

Second band:

[0.2821879 , 0.28521796, 0.28825479, 0.29129704, 0.29434358,
       0.29739341, 0.30044565, 0.30349939, 0.3065537 , 0.30960742,
       0.31265917, 0.31570682, 0.31874708, 0.32177395, 0.32477474,
       0.32771434, 0.33042255, 0.33173822, 0.33160623, 0.3312643 ,
       0.33095129, 0.33074144, 0.3306681 ]