\Delta\Gamma/qubit (ebit/s)

N	FPSA 			MZI			Hybrid
48	22.7546590539522	9.93070448961794	22.7546590539522
72	23.1606023740489	8.88192560118660	23.1606023740489
96	23.1960539584213	8.21288665251783	23.1960539584213
120	23.0790038381790	7.72649797660935	23.0790038381790
144	22.8805658141503	7.34765322184097	22.8805658141503
168	22.6325513046334	7.03944239429264	22.6325513046334
192	22.3517604625108	6.78099725056840	22.3517604625108
216	22.0480608358572	6.55939056431192	22.0480608358572
240	21.7276997758866	6.36607633963537	21.7276997758866
264	21.3948617865932	6.19512166809508	21.3948617865932
288	21.0524761803574	6.04224701975510	21.0524761803574
312	20.7026682725074	5.90426883194833	20.7026682725074
336	20.3470266541516	5.77875791880453	20.3470266541516
360	19.9867692210526	5.66382079907673	19.9867692210526
384	19.6228504529456	5.55795453832519	19.6228504529456
408	19.2560330726626	5.45994738947900	19.2560330726626
432	18.8869372912192	5.36880896914809	18.8869372912192
456	18.5160754917955	5.28372005749695	18.5160754917955
480	18.1438771884522	5.20399577779983	18.1438771884522
504	17.7707073295424	5.12905810783755	17.7707073295424
528	17.3968799475666	5.05841503331809	17.3968799475666
552	17.0226684920717	4.99164451334035	17.0226684920717
576	16.6483137571303	4.92838198925231	16.6483137571303
600	16.2740300370114	4.86831054157390	16.2740300370114
624	15.9000099581493	4.81115305124612	15.9000099581493
648	15.5264283092383	4.75666589715271	15.5264283092383
672	15.1534451039838	4.70463384374150	15.6905598230861
696	14.7812080496596	4.65486586019110	16.8408705867069
720	14.4098545508170	4.60719167601964	17.5510908721000
744	14.0395133458827	4.56145892287066	17.3723042816964
768	13.6703058512938	4.51753074787426	17.1931709741632
792	13.3023472706264	4.47528380847181	17.0137521383958
816	12.9357475134912	4.43460657819501	16.8341032853200
840	12.5706119592698	4.39539790774311	16.6542749898053
864	12.2070420933925	4.35756579628374	16.4743135183863
888	11.8451360382827	4.32102633834489	16.2942613629921
912	11.4849889966538	4.28570281628040	16.1141576968331
936	11.1266936214937	4.25152491501442	15.9340387655391
960	10.7703403243476	4.21842804088715	15.7539382241197
984	10.4160175314113	4.18635272722478	15.5738874283466
1008	10.0638118952870	4.15524411483996	15.3939156876737
1032	9.71380846885487	4.12505149577684	15.2140504855216
1056	9.36609084664860	4.09572791184091	15.0343176717780
1080	9.02074127828519	4.06722980011083	14.8547416315003
1104	8.67784075773458	4.03951667872193	14.6753454332301
1128	8.33746909162172	4.01255086803834	14.4961509597342
1152	7.99970494934322	3.98629724201540	14.3171790235376
1176	7.66462589733374	3.96072300694205	14.6551611964723
1200	7.33230841947481	3.93579750263278	15.3069786737359
1224	7.00282792545333	3.91149202458996	15.4728723033487
1248	6.67625874852251	3.88777966427441	15.3558476553012
1272	6.35267413405381	3.86463516457942	15.2388347417129
1296	6.03214622006241	3.84203478994112	15.1218443023527
1320	5.71474601068614	3.81995620880955	15.0048865222162
1344	5.40054334362867	3.79837838689686	14.8879710767923
1368	5.08960685233516	3.77728149032040	14.7711071729568
1392	4.78200392367232	3.75664679775946	14.6543035859545
1416	4.47780065183588	3.73645662021018	14.5375686929273
1440	4.17706178902123	3.71669422768396	14.4209105033238
1464	3.87985069349793	3.69734378268146	14.3043366865716
1488	3.58622927558091	3.67839027852691	14.1878545972739
1512	3.29625794198288	3.65981948369885	14.0714712981553
1536	3.00999553897858	3.64161789022974	13.9551935810553
1560	2.72749929482302	3.62377266612174	13.8390279861164
1584	2.44882476181851	3.60627161211651	13.7229808193341
1608	2.17402575832557	3.58910312152960	13.6070581686831
1632	1.90315431113595	3.57225614291504	13.4912659188795
1656	1.63626059849215	3.55572014595278	13.7763264765593
1680	1.37339289402083	3.53948509007466	14.2215071058732
1704	1.11459751191607	3.52354139490156	14.2808326387993
1728	0.859918753577783	3.50787991295241	14.1949902268429
1752	0.609398856001083	3.49249190459197	14.1091917696607
1776	0.363077942106353	3.47736901465938	14.0234408604423
1800	0.120993973219432	3.46250325056625	13.9377409655064
1824	-0.116817296050309	3.44788696197797	13.8520954318957
1848	-0.350322360430255	3.43351282192252	13.7665074944459
1872	-0.579490003815105	3.41937380925079	13.6809802823176
1896	-0.804291336306581	3.40546319212892	13.5955168251099
1920	-1.02469982822951	3.39177451274509	13.5101200585577
1944	-1.24069134092656	3.37830157263621	13.4247928297586
1968	-1.45224415440301	3.36503841968113	13.3395379021333
1992	-1.65933899157517	3.35197933500266	13.2543579600395
2016	-1.86195903907045	3.33911882135082	13.1692556130621
2040	-2.06008996453102	3.32645159246230	13.0842333999813
2064	-2.25371993033968	3.31397256193179	12.9992937925525
2088	-2.44283960371558	3.30167683360780	12.9144391990565
2112	-2.62744216317045	3.28955969263689	12.8296719675339
2136	-2.80752330128075	3.27761659680937	13.2263471435766
2160	-2.98308122374480	3.26584316830292	12.6604086997600
2184	-3.15411664479620	3.25423518576739	12.0945643305831
2208	-3.32063277890802	3.24278857729746	13.6316606061147
2232	-3.48263532885335	3.23149941369297	12.7326000859862
2256	-3.64013247016722	3.22036390209617	13.8616280879896
2280	-3.79313483201061	3.20937837938527	13.8002984415204
2304	-3.94165547456002	3.19853930671718	10.5865365744694
2328	-4.08570986291503	3.18784326434199	13.6584945609798
2352	-4.22531583765613	3.17728694622326	13.5972858495478
2376	-4.36049358211411	3.16686715494677	13.5169211438044
2400	-4.49126558644510	3.15658079708150	13.4558064729369
2424	-4.61765660862905	3.14642487944252	10.8517210999944
2448	-4.73969363245548	3.13639650422779	13.3145749720526
2472	-4.85740582268068	3.12649286514322	13.2163695569391
2496	-4.97082447741089	3.11671124416929	13.1736027853778
2520	-5.07998297789474	3.10704900754634	13.1057546075911
2544	-5.18491673582146	3.09750360218053	12.0393466522275
2568	-5.28566313827522	3.08807255300057	12.9952630901985
2592	-5.38226149048182	3.07875345981931	12.9400659964322
2616	-5.47475295651922	3.06954399396140	12.8849025695652
2640	-5.56318049810435	3.06044189551032	12.8297737010460
2664	-5.64758881162751	3.05144497138804	12.7746802622793
2688	-5.72802426357945	3.04255109232789	12.7196231054898
2712	-5.80453482454467	3.03375819004323	12.6646030645020
2736	-5.87717000188938	3.02506425582734	12.6096209553572
2760	-5.94598077130028	3.01646733760030	12.5546775771304
2784	-6.01101950738310	3.00796553835907	12.4997737125756
2808	-6.07233991336208	2.99955701403890	12.4449101286749
2832	-6.12999695016356	2.99123997124135	12.3900875772858
2856	-6.18404676496357	2.98301266584698	12.3353067957619
2880	-6.23454661932192	2.97487340134993	12.2805685073931
2904	-6.28155481714392	2.96682052660958	12.2258734220116
2928	-6.32513063249962	2.95885243472886	12.1712222364472
2952	-6.36533423751871	2.95096756155825	12.1166156350064
2976	-6.40222663051228	2.94316438385048	12.0620542899622
3000	-6.43586956434717	2.93544141835381	12.0075388618940
3024	-6.46632547531412	2.92779722015102	11.9530700002053
3048	-6.49365741257229	2.92023038118468	11.8986483434654
3072	-6.51792896825130	2.91273952961349	11.8442745197781
3096	-6.53920420838627	2.90532332834107	11.7899491471556
3120	-6.55754760477854	2.89798047320941	11.7356728338944
3144	-6.57302396782382	2.89070969301493	11.7745094604340
3168	-6.58569838049368	2.88350974816016	13.1871822773373
3192	-6.59563613350952	2.87637942918423	11.4800809121956
3216	-6.60290266180107	2.86931755595087	10.3523713331307
3240	-6.60756348235604	2.86232297711736	13.3303205396242
3264	-6.60968413347465	2.85539456867040	11.0178642957191
3288	-6.60933011559068	2.84853123352574	10.7056937037435
3312	-6.60656683361958	2.84173190070722	13.5161304389208
3336	-6.60145954096079	2.83499552410467	13.7241237514287
3360	-6.59407328519959	2.82832108228524	10.1029330480630
3384	-6.58447285550255	2.82170757732123	10.7752790649115
3408	-6.57272273180975	2.81515403384469	14.0512980802556
3432	-6.55888703582305	2.80865949903208	12.1289329876854
3456	-6.54302948382686	2.80222304227846	9.93165384488354
3480	-6.52521334135808	2.79584375298596	12.0485454469123
3504	-6.50550137977056	2.78952074109888	13.8440088691383
3528	-6.48395583466667	2.78325313702358	11.9682548304325
3552	-6.46063836623569	2.77704008950381	9.76090967514559
3576	-6.43561002151356	2.77088076610941	11.8880637294196
3600	-6.40893119850197	2.76477435310547	11.8292291526791
3624	-6.38066161222957	2.75872005379578	11.8079746538656
3648	-6.35086026269039	2.75271708836234	11.7768949930734
3672	-6.31958540463487	2.74676469436842	11.7279900375479
3696	-6.28689451926323	2.74086212527485	11.6969467827265
3720	-6.25284428774743	2.73500865002427	11.6481122421727
3744	-6.21749056654975	2.72920355267596	11.6171063152454
3768	-6.18088836458143	2.72344613286847	11.5683435616011
3792	-6.14309182210279	2.71773570436157	12.5345938240609
3816	-6.10415419134161	2.71207159483815	11.4886862256070
3840	-6.06412781886449	2.70645314604481	10.4605396724264
3864	-6.02306412958865	2.70087971262543	11.4091424033219
3888	-5.98101361241023	2.69535066265864	11.4152772020101
3912	-5.93802580745455	2.68986537687958	11.3297142066908
3936	-5.89414929485770	2.68442324807040	13.3740443626763
3960	-5.84943168506542	2.67902368111891	11.2504036933613
3984	-5.80391961060430	2.67366609280418	9.10739611487573
4008	-5.75765871924781	2.66834991114649	11.6561986998087
4032	-5.71069366858724	2.66307457525913	12.3633021376625
4056	-5.66306812192791	2.65783953523896	10.6071578630031
4080	-5.61482474544350	2.65264425176304	13.1453625126584
4104	-5.56600520658499	2.64748819556291	11.0131980753466
4128	-5.51665017368604	2.64237084772640	8.06738545431790
4152	-5.46679931668158	2.63729169905863	12.6796728698506
4176	-5.41649130893957	2.63225024946761	13.0706431021328
4200	-5.36576383012698	2.62724600901568	9.11038995808349
4224	-5.31465357007304	2.62227849653630	12.8465691056026
4248	-5.26319623358472	2.61734723908349	11.7553818156744
4272	-5.21142654616172	2.61245177357190	7.89247502141219
4296	-5.15937826056321	2.60759164461354	12.8040112342354
4320	-5.10708416419182	2.60276640504196	12.7724295746411
4344	-5.05457608723710	2.59797561612019	8.43769456635770
4368	-5.00188491153763	2.59321884677373	12.6906953570248